# This file was produced by samtools stats (1.13+htslib-1.13+ds) and can be plotted using plot-bamstats
# This file contains statistics for all reads.
# The command line was:  stats sorted_above_30_paired.bam
# CHK, Checksum	[2]Read Names	[3]Sequences	[4]Qualities
# CHK, CRC32 of reads which passed filtering followed by addition (32bit overflow)
CHK	42d84643	daced6ce	a3825df1
# Summary Numbers. Use `grep ^SN | cut -f 2-` to extract this part.
SN	raw total sequences:	2780900	# excluding supplementary and secondary reads
SN	filtered sequences:	0
SN	sequences:	2780900
SN	is sorted:	1
SN	1st fragments:	1390519
SN	last fragments:	1390381
SN	reads mapped:	2780900
SN	reads mapped and paired:	2780900	# paired-end technology bit set + both mates mapped
SN	reads unmapped:	0
SN	reads properly paired:	2780900	# proper-pair bit set
SN	reads paired:	2780900	# paired-end technology bit set
SN	reads duplicated:	0	# PCR or optical duplicate bit set
SN	reads MQ0:	0	# mapped and MQ=0
SN	reads QC failed:	0
SN	non-primary alignments:	0
SN	supplementary alignments:	878
SN	total length:	225249304	# ignores clipping
SN	total first fragment length:	112630133	# ignores clipping
SN	total last fragment length:	112619171	# ignores clipping
SN	bases mapped:	225249304	# ignores clipping
SN	bases mapped (cigar):	224166115	# more accurate
SN	bases trimmed:	0
SN	bases duplicated:	0
SN	mismatches:	1335900	# from NM fields
SN	error rate:	5.959420e-03	# mismatches / bases mapped (cigar)
SN	average length:	80
SN	average first fragment length:	81
SN	average last fragment length:	81
SN	maximum length:	81
SN	maximum first fragment length:	81
SN	maximum last fragment length:	81
SN	average quality:	37.2
SN	insert size average:	250.4
SN	insert size standard deviation:	147.9
SN	inward oriented pairs:	1289560
SN	outward oriented pairs:	100680
SN	pairs with other orientation:	0
SN	pairs on different chromosomes:	0
SN	percentage of properly paired reads (%):	100.0
# First Fragment Qualities. Use `grep ^FFQ | cut -f 2-` to extract this part.
# Columns correspond to qualities and rows to cycles. First column is the cycle number.
FFQ	1	0	0	16	0	0	0	3	3	197	34	754	306	5	3	3	38	351	214	1770	677	7	104	69	417	920	2223	807	4898	273	1947	3871	5179	7934	7068	13763	7770	21998	23261	59214	73562	217626	933234	0
FFQ	2	0	0	24	0	0	0	4	1	177	44	671	234	2	1	4	46	344	243	1462	588	6	109	86	416	1035	2235	861	4820	244	1872	3941	5213	7714	7332	13852	8087	22408	23653	60700	75700	221174	925216	0
FFQ	3	0	0	30	0	0	1	4	6	219	53	710	231	1	4	3	63	397	274	1301	595	9	141	72	417	1150	2079	896	4669	296	1926	4231	5335	7314	7405	13728	8313	22695	23873	62352	78416	226495	914815	0
FFQ	4	0	0	40	0	0	3	9	5	315	137	911	285	6	3	10	77	481	424	1462	655	8	158	87	468	1283	2136	933	4873	302	2005	4459	5487	7568	7668	14017	8688	23138	24116	66175	73966	214879	923282	0
FFQ	5	0	0	69	0	0	4	16	12	261	113	667	191	7	10	11	123	506	476	1299	653	17	169	96	545	1480	2156	937	4971	340	2108	4950	5458	7467	7753	14291	9323	23728	25141	67835	75732	220605	910999	0
FFQ	6	0	0	128	0	0	5	14	23	353	238	860	239	7	8	12	135	554	472	1031	658	12	184	86	579	1679	2054	957	4673	342	2113	5232	5545	7323	7960	14714	9787	23954	25945	69538	76765	228734	897606	0
FFQ	7	0	0	171	0	0	3	22	27	462	365	1046	238	12	11	23	173	665	611	982	704	21	221	99	628	1904	1969	958	4495	344	2167	5603	5585	7185	8164	14445	10095	24371	25630	72162	76814	237132	885012	0
FFQ	8	0	0	198	0	0	3	28	29	482	445	1020	186	16	9	18	206	847	662	842	737	23	223	122	758	2128	1983	1065	4759	409	2163	5954	5785	7109	8543	14676	11121	24780	26034	74965	75573	246794	869824	0
FFQ	9	0	0	232	0	0	7	30	46	606	565	1048	132	18	27	27	255	936	731	777	704	20	241	150	730	2357	2001	1060	4324	451	2275	6497	5846	6711	8646	14926	11557	24779	26643	77576	75106	254527	857955	0
FFQ	10	0	0	260	0	0	5	41	54	654	701	827	76	19	30	32	296	1044	755	719	773	35	270	156	765	2627	2117	1120	4375	468	2308	7068	6001	6430	9137	15015	12652	25162	26785	81130	75117	262465	843030	0
FFQ	11	0	0	330	0	0	7	36	64	777	848	882	57	20	39	43	362	1127	731	642	797	36	293	197	817	2709	2326	1180	4351	558	2334	7605	6091	6267	9299	15471	13518	25480	27886	84798	74335	269325	828881	0
FFQ	12	0	0	344	0	0	7	44	75	685	919	568	26	29	45	34	494	1223	588	598	816	57	310	212	848	2916	2353	1227	4002	569	2474	8563	6421	5970	9949	15625	15157	25787	28228	88908	73822	276383	814243	0
FFQ	13	0	0	462	0	0	7	53	94	754	1088	428	22	34	68	54	536	1225	408	640	807	52	371	197	861	2952	2494	1283	3746	581	2477	8808	6607	5511	10287	15439	16345	25889	29139	93472	73280	282275	801773	0
FFQ	14	0	0	475	0	0	18	60	118	908	1423	427	20	41	68	77	654	1473	364	643	874	75	442	260	903	3195	2747	1420	3648	629	2583	9434	6576	5312	10745	15346	17608	25999	29781	96998	72849	289279	787047	0
FFQ	15	0	0	531	0	0	16	65	138	860	1401	228	21	39	85	74	778	1422	247	626	845	77	432	286	935	3141	3008	1418	3746	747	2766	9940	6870	5115	11439	15597	19079	25533	30450	100143	72436	295346	774639	0
FFQ	16	0	0	652	0	0	14	75	167	958	1585	150	26	51	87	101	810	1295	159	735	917	80	493	308	1023	3309	2974	1464	3459	810	2831	10482	7341	5094	12134	15499	20590	25273	31653	104155	71788	300499	761478	0
FFQ	17	0	0	756	0	0	19	79	176	918	1595	84	17	58	119	112	862	1218	145	711	894	111	536	355	1047	3337	2964	1558	3611	891	2993	10656	7413	5108	12897	15237	22296	25273	32635	107858	72381	307010	746589	0
FFQ	18	0	0	784	0	0	24	88	238	963	1717	65	23	68	131	109	1065	1120	123	740	930	125	595	389	1077	3503	2779	1660	3641	952	3016	10808	7739	5212	13482	15502	23995	25143	33457	111577	73256	312411	732012	0
FFQ	19	0	0	910	0	0	24	111	241	1059	1808	36	32	76	149	136	1106	1066	114	742	986	165	623	418	1170	3615	2833	1738	3589	1095	3295	10788	7925	5321	14392	15038	25013	25131	34478	109470	78851	318719	718256	0
FFQ	20	0	0	1092	0	0	35	121	310	1082	1897	30	37	95	182	169	1297	1016	130	755	1108	170	693	494	1254	3634	2804	1905	3809	1302	3260	10944	8237	5328	15523	15469	26540	25529	35437	113208	79508	323326	702789	0
FFQ	21	0	0	1215	0	0	34	129	342	973	1832	34	33	104	202	203	1354	856	152	822	1104	206	701	595	1322	3822	2781	2088	3804	1440	3467	11087	8680	5630	16196	15369	27820	25922	36571	117078	80999	329845	685707	0
FFQ	22	0	0	1320	0	0	43	165	421	1085	1952	24	44	139	231	234	1416	758	140	816	1102	218	794	609	1448	4106	2477	2192	3992	1621	3516	11214	9009	6009	17464	15489	29334	27152	37929	122010	82612	333103	668331	0
FFQ	23	0	0	1522	0	0	25	139	362	835	1403	29	49	136	234	244	1427	651	137	633	849	285	670	607	1511	3554	2376	2096	3143	1674	2686	10931	7938	5183	16459	12726	28445	20906	37172	99175	90455	287397	746453	0
FFQ	24	0	0	2519	0	0	33	167	393	905	1499	31	57	188	286	298	1543	538	166	688	905	372	723	733	1704	3775	2316	2376	3276	1923	2784	11434	8468	5550	17988	13208	30341	22018	39347	102314	94704	286216	728730	0
FFQ	25	0	0	3177	0	0	29	229	578	1239	2041	30	69	221	391	369	1913	525	165	835	1102	479	770	925	2020	4294	2447	2599	3490	2582	3021	12912	9333	6133	20093	14298	32920	23531	45763	113142	108348	298834	669669	0
FFQ	26	0	0	2843	0	0	38	184	511	905	1435	37	69	389	415	393	2370	459	196	717	962	447	750	772	1914	3832	1864	2625	3335	2550	2989	10616	8663	6073	18326	13731	30403	23239	41865	103939	101534	305843	693283	0
FFQ	27	0	0	3048	0	0	42	202	587	935	1411	41	74	332	406	381	1898	294	210	714	954	453	694	853	1961	3632	1524	2759	3213	2627	3222	9826	8819	6128	17701	14092	30274	24363	40627	100053	90853	292993	722317	0
FFQ	28	0	0	2568	0	0	38	172	512	787	1159	51	105	390	459	386	1804	214	210	637	759	552	675	984	2176	3378	1402	2595	2878	2841	2886	9182	8439	5745	17169	13109	30255	22654	41384	87885	92513	264485	767075	0
FFQ	29	0	0	2915	0	0	56	173	557	770	1059	44	71	240	436	395	1168	171	204	640	830	571	644	1057	2040	3190	1123	2686	2878	3082	3005	8232	8358	5903	16530	13440	30196	24173	41219	75587	97958	253352	785558	0
FFQ	30	0	0	2995	0	0	36	195	638	829	1028	34	81	290	471	412	1166	146	190	667	844	513	603	944	2085	3099	912	2852	2797	3251	3045	7738	8531	6109	15668	14246	31012	25661	43166	73687	97524	248379	788666	0
FFQ	31	0	0	3245	0	0	54	214	651	827	932	57	86	379	516	451	1006	156	204	673	831	595	668	1163	2257	3045	793	3183	2941	3551	3203	7353	8661	6377	15581	15157	32607	27066	44874	72975	98761	245847	783570	0
FFQ	32	0	0	3334	0	0	48	195	641	909	908	50	84	324	602	464	898	155	228	759	863	628	680	1172	2325	2957	729	3223	2959	3948	3385	7045	9102	6721	15661	16230	34075	29104	47429	73404	102150	242552	774568	0
FFQ	33	0	0	3616	0	0	36	234	686	850	844	58	71	281	585	475	778	156	218	740	824	667	644	1242	2325	2777	680	3410	2807	4170	3399	6430	8938	7083	15077	16800	36723	30372	49853	69998	106898	236691	773073	0
FFQ	34	0	0	3779	0	0	48	257	713	976	742	46	108	299	628	515	684	145	182	740	885	708	667	1293	2478	2634	603	3504	2823	4524	3576	6198	9466	7305	15029	17971	38923	32835	53124	69811	111023	231265	764002	0
FFQ	35	0	0	4028	0	0	60	248	760	1047	678	47	99	271	689	532	555	148	232	788	881	752	699	1502	2532	1736	1418	3794	2601	4943	3709	5624	10033	7660	14915	19250	42476	35431	54466	71739	116832	227161	750172	0
FFQ	36	0	0	4466	0	0	52	282	751	1074	558	66	110	266	738	523	464	138	246	876	865	819	705	1615	2635	1566	1450	3928	2683	5620	3889	5430	10475	8000	14603	20680	45623	38417	60530	71936	122579	223841	732009	0
FFQ	37	0	0	4591	0	0	45	286	808	1223	571	94	130	390	842	547	416	145	263	901	940	834	764	1662	2744	1483	1491	4205	2554	5789	4105	5335	10827	8566	14550	22141	50078	41829	65097	72033	129953	220351	711924	0
FFQ	38	0	0	4874	0	0	56	294	817	1296	484	75	132	332	957	589	371	162	286	933	878	984	750	1803	2705	1315	1547	4623	2621	6235	4286	5238	11263	9075	14738	23431	54837	45305	71575	71647	137469	215739	690783	0
FFQ	39	0	0	5133	0	0	54	350	904	1345	357	73	150	319	977	517	336	150	293	962	899	955	721	2072	2554	1207	1529	5020	2478	6608	4643	5154	12083	9556	14928	25474	60689	49384	78391	71678	144384	211453	666722	0
FFQ	40	0	0	5397	0	0	70	316	941	1510	385	92	167	357	1058	555	280	163	316	1089	870	1082	778	2207	2589	1120	1605	5326	2511	6845	4967	5229	12361	10368	14765	27159	67301	54349	84551	71173	153625	206434	640591	0
FFQ	41	0	0	5744	0	0	60	318	957	1443	247	74	177	345	1113	564	261	151	244	1148	913	1130	826	2253	2663	1060	1665	5736	2364	7191	5173	5400	12831	10598	14958	29192	74298	59674	92033	70462	163449	200047	613740	0
FFQ	42	0	0	6017	0	0	63	319	932	1468	218	102	196	365	1058	467	213	148	332	1210	911	1166	855	2557	2456	973	1672	6021	2281	7325	5479	5485	13548	11271	15216	31003	83097	65077	100203	69364	173960	193119	584352	0
FFQ	43	0	0	6382	0	0	82	299	1018	1578	169	80	208	348	1084	437	174	163	274	1273	862	1218	860	2613	2310	955	1769	6371	2212	7704	5883	5651	13784	11793	15545	33140	92186	72268	108450	67868	184134	185426	553924	0
FFQ	44	0	0	6755	0	0	82	347	1017	1564	123	98	215	342	1121	423	166	158	311	1406	859	1292	941	2853	2239	946	1849	6665	2183	7802	6324	6042	14235	12486	15927	35023	102513	79324	118391	66751	193655	177126	520940	0
FFQ	45	0	0	6991	0	0	99	365	1112	1649	99	134	275	355	1142	426	146	160	293	1219	1013	1285	940	2874	2270	919	1930	7026	2034	7825	6907	6483	14752	13293	16803	37747	114305	86798	128249	65400	202651	168283	486242	0
FFQ	46	0	0	7554	0	0	96	315	1102	1598	63	136	270	322	1201	362	150	181	336	1374	1060	1510	1004	2913	2188	995	2032	7355	1965	7749	7423	6835	15594	13834	17313	40087	128368	93908	139459	63448	211765	158629	449998	0
FFQ	47	0	0	7869	0	0	97	296	1208	1517	62	146	313	364	1193	361	163	198	325	1366	1006	1490	983	3040	2007	1072	2146	7923	1943	7546	7678	7335	15775	14686	18081	42887	142610	102289	151101	60962	220906	147079	414465	0
FFQ	48	0	0	8213	0	0	98	317	1330	1531	34	155	328	325	1146	362	153	179	418	1510	992	1624	1101	3151	2005	1074	2296	8177	1924	7614	8423	7588	16288	15412	19203	45979	158490	110958	161910	58107	227890	137119	377063	0
FFQ	49	0	0	8804	0	0	124	349	1414	1627	29	179	302	355	1202	309	168	203	399	1615	953	1680	1116	3207	1910	1102	2412	8491	1966	7400	8950	8524	16347	16088	20445	49353	175336	119886	173950	55414	232270	125107	341500	0
FFQ	50	0	0	9242	0	0	117	334	1359	1511	14	191	396	321	1195	323	187	199	388	1695	964	1883	1189	3206	1661	1473	2602	9088	2072	7392	9397	9085	17029	16733	21721	53429	193921	130021	184506	52454	235540	114133	303514	0
FFQ	51	0	0	9586	0	0	109	316	1572	1551	11	224	410	310	1203	361	152	195	426	1770	940	1943	1209	3119	1497	1550	2673	9221	2045	7155	10238	9610	17545	17549	23440	56698	213924	140602	194954	49688	235549	102706	268431	0
FFQ	52	0	0	10195	0	0	114	320	1620	1427	8	217	380	249	1137	313	173	191	416	1836	923	2048	1307	3027	1615	1629	2805	9657	2211	6860	10904	10086	17956	18283	25172	61232	235581	150282	204267	46316	234085	91781	233859	0
FFQ	53	0	0	10559	0	0	139	323	1664	1412	7	239	463	329	1095	257	177	215	419	2008	879	2097	1346	2949	1458	1729	2940	10035	2212	6681	11680	10566	18494	19177	26780	65074	259578	160847	213366	42253	228924	79612	202496	0
FFQ	54	0	0	11098	0	0	134	344	1728	1282	6	232	451	299	1042	317	215	195	440	2021	940	2211	1364	2879	1611	1744	3135	10494	2216	6484	12259	11244	18876	19935	28284	69885	282605	171490	221138	38762	221792	69092	172234	0
FFQ	55	0	0	11580	0	0	141	304	1940	1283	3	246	507	296	1047	293	213	206	511	2134	864	2396	1407	2747	1565	1857	3315	10082	2826	6106	12949	11815	19611	20639	30399	75557	309522	180043	225981	35623	210761	59643	144066	0
FFQ	56	0	0	12158	0	0	146	314	1886	1205	4	378	678	369	1487	245	277	179	553	2083	1086	3549	1805	3606	2136	3170	4481	16249	4482	11478	23256	27671	45488	53120	67219	181902	258249	187059	148674	37150	193617	54265	38803	0
FFQ	57	0	0	12528	0	0	146	267	1953	1078	1	316	631	317	1123	236	287	196	472	2074	946	2857	1543	2837	1742	2262	3903	11910	3486	6676	16534	16196	27529	31454	54905	145289	321487	201270	185490	29894	199628	58009	43005	0
FFQ	58	0	0	13048	0	0	153	308	2018	1018	1	329	522	334	1005	235	236	199	529	2140	872	2784	1439	2326	1615	1979	3932	11212	3271	5505	15081	13437	22621	24632	40531	104177	384300	207957	217599	25160	174028	45576	58365	0
FFQ	59	0	0	13437	0	0	168	274	1872	868	1	313	625	308	873	224	296	228	548	2218	893	2937	1435	2042	1692	2121	3892	10685	3244	4809	14943	12734	21479	23060	37186	95413	424914	217468	221559	20610	156444	29445	59216	0
FFQ	60	0	0	13855	0	0	141	284	2215	889	1	361	652	325	814	225	293	215	549	2282	843	2995	1360	1906	1771	2280	4138	10415	3581	4433	15135	12615	21570	23172	37108	95088	459367	224863	217114	17267	139324	21007	50020	0
FFQ	61	0	0	14411	0	0	166	242	2123	740	0	346	652	377	752	221	306	213	599	2291	902	3022	1331	1740	1835	2277	4434	10093	3703	4231	15593	12713	21472	23293	38470	98912	492505	230706	207608	14128	122526	15666	39873	0
FFQ	62	0	0	15073	0	0	181	249	2213	678	0	359	567	355	691	206	298	203	580	2424	945	3162	1299	1494	1869	2445	4728	10175	3928	4107	16173	12875	22247	23764	39676	103750	524335	233616	196452	11820	105526	11810	30198	0
FFQ	63	0	0	15643	0	0	230	224	2258	599	0	408	590	386	622	185	376	232	611	2365	1000	3327	1296	1356	1969	2585	5090	10050	4070	3719	16559	12966	23109	24414	41172	107805	555067	235736	183732	9718	89417	8775	22809	0
FFQ	64	0	0	16360	0	0	202	272	2501	548	0	393	618	369	549	186	382	218	669	2488	1004	3412	1288	1209	2023	2699	5485	9863	4275	3414	17155	13008	23430	25272	42691	112678	585113	236533	169224	7957	73362	6760	16859	0
FFQ	65	0	0	17001	0	0	222	182	2393	527	0	444	636	382	516	206	405	238	715	2538	1123	3803	1196	1102	2106	2807	5903	9608	4473	3286	17809	13143	24350	25747	43976	118055	613981	235163	153214	6529	59170	4942	12577	0
FFQ	66	0	0	17749	0	0	190	240	2420	420	0	502	612	377	444	215	411	233	714	2617	1232	3781	1149	966	2254	2970	6233	9380	4934	3208	18350	13251	25400	26417	45495	122690	641749	231159	137242	5115	47223	3738	9388	0
FFQ	67	0	0	18545	0	0	195	220	2538	419	0	447	602	398	371	177	457	214	752	2594	1234	3845	1019	814	2324	3053	6613	8968	5099	3013	18756	13386	25623	26973	47421	126628	668577	226765	121871	4070	36559	2758	7170	0
FFQ	68	0	0	19441	0	0	234	196	2523	369	0	497	592	414	378	183	455	261	740	2622	1440	3982	1040	684	2336	3201	6998	8725	5409	2820	19123	13456	26151	27707	48520	131955	691957	220853	106203	3200	28190	2141	5472	0
FFQ	69	0	0	20435	0	0	239	196	2592	270	0	516	556	355	294	183	535	287	763	2664	1395	4133	876	608	2457	3273	7664	8257	5700	2833	19510	13465	26541	28135	49905	136049	713342	215809	91034	2407	21351	1622	4217	0
FFQ	70	0	0	21511	0	0	230	164	2598	248	0	575	592	379	239	167	500	253	830	2609	1526	4116	820	521	2601	3320	7950	7886	6193	2649	19950	13839	27304	29018	51083	139995	734043	206870	77468	1836	16065	1256	3264	0
FFQ	71	0	0	22786	0	0	238	174	2566	222	0	599	537	364	205	135	548	263	853	2751	1594	4169	718	485	2675	3477	8246	7464	6312	2352	20074	14069	27715	29487	51992	145148	750746	199323	65076	1419	12238	970	2478	0
FFQ	72	0	0	24186	0	0	265	148	2788	210	0	648	546	355	160	145	599	265	887	2873	1719	4267	677	430	2759	3775	8845	7029	6560	2288	20767	14223	28760	30451	52746	148819	764881	190308	54055	1065	9357	719	1893	0
FFQ	73	0	0	25667	0	0	246	141	2606	187	0	667	476	352	145	148	585	279	914	2785	1844	4144	556	357	2819	3863	9161	6519	6920	2144	21538	14101	28805	30558	54697	152343	777136	182511	45117	843	7274	578	1442	0
FFQ	74	0	0	27479	0	0	272	124	2410	159	0	592	490	327	96	111	657	289	901	2822	1882	4185	497	385	2871	3849	9604	6030	7299	2045	21421	14566	29773	31582	55873	155455	787217	174206	37079	702	5716	416	1086	0
FFQ	75	0	0	29554	0	0	247	98	2285	140	0	552	418	133	257	125	608	241	853	2642	1946	4004	429	324	2903	4005	10011	5432	7601	1872	21431	14858	29931	32182	56653	158649	796809	166242	30745	586	4586	319	797	0
FFQ	76	0	0	32268	0	0	230	65	2063	139	0	545	387	91	245	77	588	276	927	2680	1969	3846	316	284	2891	3998	10255	4922	7775	1695	21968	14772	30354	32528	57576	161814	804202	157862	25857	407	3788	208	600	0
FFQ	77	0	0	35465	0	0	169	61	1660	95	1	471	303	58	201	81	630	252	822	2674	2049	3654	267	257	2917	4184	10248	4473	8142	1575	21837	14838	30874	33014	58845	165374	807493	151922	21782	338	2911	166	365	0
FFQ	78	0	0	39477	0	0	121	32	1335	49	0	381	186	41	157	51	553	247	869	2628	2005	3288	232	248	2990	4201	10586	3916	8456	1388	21995	15040	31756	33661	60273	168351	808591	145574	18813	262	2408	95	212	0
FFQ	79	0	0	44197	0	0	31	4	461	23	0	182	97	22	82	30	549	231	804	2631	1998	3051	171	257	2778	4155	10337	3355	8452	1227	21897	15319	32171	34082	60586	171183	811031	140414	16380	234	1907	44	95	0
FFQ	80	0	0	49999	0	0	0	0	0	0	0	0	2	0	8	2	535	238	749	2638	1853	2896	142	277	2668	4012	10351	2866	8377	1113	21445	15454	32952	34865	61732	175039	809373	134680	14444	153	1550	19	36	0
FFQ	81	0	0	59838	0	0	0	0	0	0	0	0	0	0	0	0	1851	1050	2322	10180	6198	8099	392	1059	7693	11295	31549	7465	24058	3014	59036	37150	81317	82434	95895	326824	466331	58483	6164	141	622	3	5	0
# Last Fragment Qualities. Use `grep ^LFQ | cut -f 2-` to extract this part.
# Columns correspond to qualities and rows to cycles. First column is the cycle number.
LFQ	1	0	0	2687	0	0	12	15	35	695	160	2694	1009	18	19	10	94	692	527	3740	962	11	167	153	624	1223	3424	1116	7227	373	2230	4936	5921	10026	7974	16074	8033	23192	24593	65451	78279	222622	893363	0
LFQ	2	0	0	1788	0	0	7	18	44	659	220	2609	958	17	27	6	142	739	815	3788	988	21	175	122	704	1410	3364	1187	6864	380	2180	5232	5864	9847	8114	15850	8492	23470	24399	66720	81314	226959	884888	0
LFQ	3	0	0	1839	0	0	13	17	43	752	302	2606	909	16	29	11	164	899	1031	3360	994	16	216	144	745	1654	3229	1167	6954	376	2193	5385	6034	9675	8318	15914	8773	23901	24555	68965	84016	230765	874401	0
LFQ	4	0	0	1960	0	0	16	21	64	873	413	2793	886	14	34	15	200	957	870	2788	1022	24	230	148	819	1824	3291	1191	6934	407	2304	5901	6176	9871	8733	16297	9147	24229	25138	71992	77789	216573	888437	0
LFQ	5	0	0	2056	0	0	11	30	75	979	534	2684	776	19	45	17	246	1126	1047	2452	1044	27	215	186	845	2155	3148	1244	6887	436	2366	6362	6269	9759	8649	16532	9691	25110	26132	74524	79052	224234	873417	0
LFQ	6	0	0	2187	0	0	11	26	56	1090	738	2771	687	28	36	13	293	1268	1194	2231	1106	32	261	191	1006	2369	3152	1317	6866	449	2397	6720	6490	9317	9035	16832	10266	25457	26673	76854	80430	233412	857120	0
LFQ	7	0	0	2292	0	0	10	38	68	1030	933	2453	532	30	48	28	398	1507	1325	1928	1128	36	292	207	1042	2796	3166	1304	6784	476	2576	7389	6640	9185	9385	16671	10912	25988	26863	80420	80081	242807	841613	0
LFQ	8	0	0	2412	0	0	13	50	91	1244	1094	2431	433	21	54	37	457	1601	1476	1552	1139	39	368	190	1081	3119	2962	1351	6307	512	2521	8118	6759	8652	9731	17185	11584	25963	27677	83205	80889	251424	826639	0
LFQ	9	0	0	2572	0	0	16	56	78	1316	1366	2153	277	32	66	47	549	1802	1526	1260	1214	41	372	233	1147	3450	3111	1471	6065	589	2669	8688	6919	8317	9883	17239	12364	26270	28045	87083	79938	260019	812138	0
LFQ	10	0	0	2733	0	0	8	66	112	1528	1681	2067	176	32	76	53	609	1937	1370	1153	1193	50	378	219	1190	3741	3297	1408	5697	621	2658	9415	7045	7679	10380	17604	13563	26889	28866	90284	79208	269550	795845	0
LFQ	11	0	0	2881	0	0	18	77	138	1719	2168	1913	97	51	98	75	812	2237	1409	1033	1272	74	417	318	1265	4073	3495	1447	5620	690	2838	10362	7280	7410	10659	17332	14736	26886	29089	94763	79543	276740	779346	0
LFQ	12	0	0	3057	0	0	15	89	139	1620	2301	1404	48	57	92	84	892	2389	1107	1001	1232	72	513	309	1245	4176	3916	1552	5251	744	2963	11279	7512	6964	11458	17634	16051	27225	29648	98080	78335	283897	766030	0
LFQ	13	0	0	3230	0	0	20	91	167	1732	2549	1045	39	51	112	93	1014	2403	838	1016	1273	89	523	301	1304	4223	3953	1590	4895	810	2922	12008	7822	6319	11938	17732	17379	27299	30995	102886	76845	289332	753543	0
LFQ	14	0	0	3479	0	0	26	94	213	1805	2944	762	38	63	129	98	1153	2515	569	967	1287	106	612	375	1316	4401	4173	1756	4698	889	3014	12323	7989	6105	12764	17729	18832	27167	31439	107296	76841	294853	739561	0
LFQ	15	0	0	3712	0	0	20	126	252	2028	3286	534	30	97	147	170	1382	2548	428	1004	1354	106	646	425	1389	4547	4477	1850	4669	1009	3233	13099	8237	5823	13473	17893	20139	27385	32472	111720	76085	300886	723700	0
LFQ	16	0	0	4001	0	0	27	131	284	1971	3493	310	32	90	155	154	1507	2436	272	1056	1338	132	688	482	1370	4723	4603	1818	4526	1147	3207	13500	8467	5620	14100	17513	21913	27423	33277	115265	76470	306227	710653	0
LFQ	17	0	0	4438	0	0	28	135	327	2053	3736	175	29	105	196	180	1716	2385	198	1123	1401	145	832	525	1503	4802	4472	2022	4411	1219	3468	13956	8837	5698	15058	17654	23864	27236	34475	120208	76501	310378	694892	0
LFQ	18	0	0	4464	0	0	25	176	400	1818	3342	96	33	148	228	210	1986	2410	198	946	1187	175	803	508	1461	4377	4549	2002	3823	1220	2788	14495	8265	5139	14955	15666	24453	22809	34430	108643	83198	280033	738922	0
LFQ	19	0	0	4709	0	0	31	182	388	1943	3389	65	39	148	289	270	2204	2005	136	969	1222	210	803	590	1614	4597	4334	2080	3851	1377	3038	14205	8230	5052	15584	14940	24883	22431	34550	103863	85495	279582	741083	0
LFQ	20	0	0	5008	0	0	41	187	486	1800	3326	45	46	140	283	297	2218	1735	141	914	1268	241	823	688	1675	4579	4014	2182	3985	1529	2990	13702	8507	5174	16385	14650	25692	22212	34278	103723	83773	280790	740854	0
LFQ	21	0	0	5378	0	0	27	218	531	1758	3468	51	51	170	335	292	2201	1468	182	978	1355	249	890	750	1844	4811	3731	2291	3928	1664	3285	13688	8604	5372	17135	14422	26859	22535	34851	105747	82327	280783	736152	0
LFQ	22	0	0	5697	0	0	38	258	571	1722	3240	45	59	186	379	371	2323	1266	174	998	1310	273	964	797	1929	4815	3371	2370	3981	1847	3200	13550	8866	5688	17693	14100	27670	22645	36022	106221	82376	282793	730573	0
LFQ	23	0	0	6052	0	0	46	254	607	1726	3325	39	68	209	414	445	2436	1005	209	992	1381	334	903	868	2091	4961	3124	2566	4086	2145	3289	13258	9229	5767	18437	14341	28044	23189	36530	107618	83292	284387	722713	0
LFQ	24	0	0	6504	0	0	46	311	749	1807	3292	44	74	259	467	490	2546	864	215	1012	1450	415	983	1020	2272	4992	2757	2839	4167	2513	3489	13027	9461	6109	19292	14396	28974	24048	37547	109258	83671	287257	711761	0
LFQ	25	0	0	6812	0	0	38	236	675	1512	2709	39	76	294	502	515	2668	678	226	847	1144	523	909	1017	2319	4700	2623	2691	3445	2688	2954	12751	8559	5654	18910	12872	28503	20726	38339	95795	89116	268643	747670	0
LFQ	26	0	0	7215	0	0	34	250	736	1399	2513	28	74	274	537	518	2404	469	219	856	1129	502	860	916	2356	4391	2065	2901	3458	2748	3050	11474	8480	5647	17863	12623	27906	21057	36821	90280	85380	257084	773859	0
LFQ	27	0	0	7657	0	0	55	269	769	1428	2394	48	84	257	573	567	2178	393	217	881	1172	520	899	1014	2512	4391	1860	2938	3419	2966	3135	10518	8650	5610	17657	12993	28243	21863	37283	88400	82899	249954	783710	0
LFQ	28	0	0	8087	0	0	44	289	863	1428	2201	43	76	236	647	652	2072	294	248	868	1145	560	779	1086	2589	4247	1610	2995	3337	3196	3278	10203	8704	6046	17577	13607	28465	22859	38021	86843	82889	245956	786335	0
LFQ	29	0	0	8669	0	0	41	319	922	1535	2315	47	101	295	667	687	1849	256	285	909	1198	569	851	1214	2653	4379	1364	3205	3591	3702	3370	9825	9211	6408	17841	13821	28949	24781	40139	76966	93564	242888	780988	0
LFQ	30	0	0	9132	0	0	44	342	900	1484	1925	44	93	347	804	725	1740	236	255	810	1108	600	875	1318	2792	4198	1176	3354	3332	3941	3452	9160	9254	6401	17160	14370	29267	25861	41490	73906	96671	238760	783045	0
LFQ	31	0	0	9624	0	0	45	320	1017	1559	1935	68	136	475	1152	909	2059	177	254	829	1006	966	914	1908	3913	5270	1532	4468	3415	7896	4244	16322	13992	9937	40422	28089	44196	43136	121569	150865	263533	324057	278162	0
LFQ	32	0	0	10007	0	0	51	388	1035	1667	1825	74	130	458	1125	949	1673	181	269	901	1093	830	934	1767	3413	4299	1064	4062	3183	5925	3656	10248	11267	7966	22003	21091	35226	32744	66739	118565	257663	375655	380245	0
LFQ	33	0	0	10467	0	0	60	386	1036	1567	1469	59	135	412	1062	830	1295	189	258	891	1117	898	887	1912	3384	3691	836	4153	3069	5742	3585	8675	10511	7604	18039	18252	35390	31364	51788	84143	152399	343273	579543	0
LFQ	34	0	0	11176	0	0	48	395	1011	1581	1317	71	125	391	1075	821	1016	182	276	940	1107	954	872	1779	3426	3436	703	4278	2985	5904	3696	7460	10349	7420	16662	18212	37264	31885	52090	73771	122127	248720	714846	0
LFQ	35	0	0	11524	0	0	76	364	1086	1747	1157	58	171	531	1142	798	888	163	282	1024	1140	1019	866	1878	3305	2260	1623	4467	2809	6120	3873	6785	10544	7883	15650	19116	40109	33840	53821	70640	118775	216179	746658	0
LFQ	36	0	0	12132	0	0	64	430	1121	1808	1030	71	140	401	1153	832	730	192	318	1029	1107	1095	884	2065	3303	2000	1581	4744	2848	6455	4353	6473	11016	8137	15327	20267	43214	36882	57883	68685	121442	205141	744017	0
LFQ	37	0	0	12613	0	0	78	430	1182	1920	922	92	158	522	1283	844	653	190	295	1154	1163	1148	914	2135	3500	1905	1634	4904	2750	7003	4229	6291	11347	8501	15116	21550	47553	39909	62603	67783	127177	196793	732124	0
LFQ	38	0	0	13198	0	0	73	457	1220	2010	750	110	179	413	1376	844	529	148	330	1160	1109	1310	931	2352	3496	1683	1654	5236	2655	7378	4498	5870	11875	8974	15035	22854	52170	43587	68716	67457	133704	192333	712692	0
LFQ	39	0	0	13742	0	0	106	436	1214	2068	591	85	181	458	1448	774	433	160	312	1179	1055	1120	916	2672	3295	1486	1755	5732	2645	7693	4776	5742	12359	9491	14801	24146	57915	47207	75069	66514	141415	186516	692859	0
LFQ	40	0	0	14288	0	0	92	455	1190	2167	517	115	241	472	1457	740	384	177	321	1296	1084	1348	936	2730	3244	1356	1733	6118	2539	8042	5010	5592	12534	9845	14855	25968	64395	51772	81484	65112	150476	180836	669444	0
LFQ	41	0	0	14894	0	0	80	468	1292	2140	368	113	260	471	1608	719	325	184	348	1410	1057	1421	919	2918	3070	1266	1769	6439	2493	8244	5402	5678	13284	10454	14844	27646	71539	56987	88676	64390	160305	175698	641186	0
LFQ	42	0	0	15526	0	0	93	492	1301	2166	345	140	215	391	1573	694	277	190	365	1416	1092	1386	1027	3164	3020	1139	1836	6876	2381	8415	5698	5739	13945	10928	15001	29474	79939	62725	96801	63890	170170	170497	610037	0
LFQ	43	0	0	16173	0	0	99	526	1416	2411	275	130	283	442	1719	640	266	182	346	1584	1037	1506	1025	3351	2852	1207	1861	7235	2470	8570	6207	5982	14332	11497	15129	31623	88923	68955	105406	62931	180031	163952	577788	0
LFQ	44	0	0	16755	0	0	98	515	1467	2300	167	139	336	455	1717	612	222	173	397	1689	1006	1533	1139	3611	2895	1076	2076	7588	2255	8753	6420	6326	14708	12296	15590	33316	99431	75769	115069	60845	190584	156020	545011	0
LFQ	45	0	0	17408	0	0	108	428	1494	2375	126	160	319	425	1726	520	199	203	404	1446	1207	1740	1200	3471	2760	1092	2137	7840	2059	8649	7129	6741	15191	12850	16049	35714	111260	82200	125162	59089	200986	147226	511265	0
LFQ	46	0	0	18001	0	0	125	470	1509	2305	84	168	321	457	1650	475	182	193	402	1582	1205	1790	1175	3685	2687	1079	2185	8297	2000	8488	7741	7061	15529	13713	16736	37543	124361	90085	136456	57280	209594	139485	474256	0
LFQ	47	0	0	18734	0	0	132	459	1569	2198	60	188	325	387	1735	455	178	209	403	1548	1176	1913	1245	3725	2451	1166	2358	8688	2035	8505	8133	7588	15965	14125	17243	40677	139225	97906	147912	54604	218903	129954	436276	0
LFQ	48	0	0	19546	0	0	123	486	1737	2375	46	195	396	417	1662	425	181	209	433	1858	1169	1946	1297	3845	2264	1228	2511	9075	1951	8349	8692	8053	16400	14822	18060	43312	154032	107205	158964	52632	225583	120459	398414	0
LFQ	49	0	0	20295	0	0	148	474	1845	2281	30	228	488	441	1751	467	219	239	437	1818	1168	2118	1383	3953	2246	1183	2651	9399	2083	8280	9264	8694	16877	15570	19050	46223	170529	116359	170591	49662	231117	110105	360685	0
LFQ	50	0	0	20963	0	0	148	487	1870	2255	23	243	530	425	1825	425	218	181	478	2022	1196	2258	1451	3855	1919	1647	2739	10100	2139	8039	9885	9283	17297	16092	20234	49139	188962	126037	181427	46412	234686	99653	323805	0
LFQ	51	0	0	21683	0	0	165	453	1971	2049	18	281	505	420	1706	367	196	197	478	2100	1137	2401	1430	3809	1861	1718	2907	10183	2101	7980	10402	10077	17591	17052	21369	53189	208680	136528	191910	44255	234560	90415	286203	0
LFQ	52	0	0	22421	0	0	175	444	1957	1932	7	283	527	367	1541	341	234	203	514	2171	1060	2389	1478	3686	1858	1819	3049	10628	2204	7544	11162	10463	18202	17565	22547	56898	229914	146728	202081	40513	234249	79845	251347	0
LFQ	53	0	0	23219	0	0	166	439	2091	1768	4	292	595	380	1515	358	257	243	509	2278	1068	2564	1510	3449	1670	1936	3170	10857	2241	7258	11832	10907	18380	18042	24483	60861	253015	156974	211127	37113	230448	69886	217441	0
LFQ	54	0	0	24046	0	0	186	446	2288	1815	5	310	560	378	1472	347	269	232	537	2380	1032	2631	1552	3441	1662	1958	3430	11342	2347	6734	12239	11106	19054	18712	25738	64234	277848	167287	218387	34175	223602	60422	186141	0
LFQ	55	0	0	24869	0	0	181	368	2312	1635	6	357	618	401	1373	323	318	213	538	2389	1091	2735	1611	3300	1808	2024	3671	11008	3015	6336	13120	11584	19310	19499	26944	68417	303250	178122	224205	30725	213844	51536	157289	0
LFQ	56	0	0	25624	0	0	192	408	2552	1636	3	299	633	426	1359	303	278	221	532	2540	1027	2882	1709	3075	1703	2207	3901	11156	3156	6178	13736	11989	20093	20101	28249	72909	331097	187120	227174	27514	202521	43422	130419	0
LFQ	57	0	0	26449	0	0	210	389	2635	1501	3	375	669	460	1365	271	346	235	595	2571	973	3181	1641	2848	1798	2239	4061	11494	3337	5674	14296	12260	20663	20685	29720	77419	358418	196787	228627	24034	189298	36080	106735	0
LFQ	58	0	0	27401	0	0	234	381	2724	1425	1	396	677	397	1221	314	344	257	638	2758	1059	3352	1639	2683	1826	2450	4376	11496	3447	5424	14877	12546	21291	21374	31277	82257	388651	204499	226429	21280	173732	29229	85980	0
LFQ	59	0	0	28182	0	0	204	350	2745	1254	1	418	756	429	1180	289	355	265	666	2728	1134	3494	1676	2392	1913	2434	4666	11851	3710	5131	15570	12787	21702	22004	33121	87441	418107	211825	222088	18552	157569	23332	68020	0
LFQ	60	0	0	29085	0	0	217	365	2837	1196	0	426	748	423	968	266	362	259	707	2892	1102	3667	1626	2311	1994	2529	5045	11946	3867	4925	16484	13076	22495	22769	34774	92838	447498	218285	215042	15646	139762	18646	53263	0
LFQ	61	0	0	30155	0	0	266	369	3124	1072	0	452	735	464	971	266	411	265	744	3009	1128	3763	1687	2012	2190	2680	5365	11750	4129	4540	17268	13337	23509	24085	36301	98307	477180	222766	205005	13452	122073	14316	41195	0
LFQ	62	0	0	30982	0	0	246	374	3106	923	2	510	854	504	910	234	403	260	815	3024	1171	3999	1623	1841	2149	2845	5708	11670	4386	4379	17591	13384	24373	24390	37895	103157	508218	225370	194330	11268	105232	11032	31181	0
LFQ	63	0	0	32016	0	0	313	348	3222	872	1	534	792	496	821	233	451	289	795	3046	1258	4302	1503	1707	2355	2853	5937	11785	4659	4165	18344	13907	25215	25034	39552	108983	536865	227325	180819	9418	88463	8340	23320	0
LFQ	64	0	0	33187	0	0	266	330	3234	744	1	576	753	504	748	228	478	274	866	3045	1323	4374	1549	1438	2445	3078	6633	11406	4900	3873	18821	13839	25915	25822	40709	113133	565406	229005	167045	7583	72944	6339	17523	0
LFQ	65	0	0	34261	0	0	304	294	3384	691	0	556	821	472	650	266	492	271	843	3125	1475	4470	1447	1301	2456	3203	6931	10858	5136	3637	19329	14061	26194	26173	42016	118602	593504	228302	152056	6023	58835	4716	13182	0
LFQ	66	0	0	35344	0	0	308	270	3386	566	0	616	833	482	548	214	560	300	886	3176	1526	4625	1289	1105	2710	3321	7662	10638	5442	3386	19848	13978	27167	27063	43009	122494	621510	224752	136131	4704	46945	3605	9938	0
LFQ	67	0	0	36578	0	0	306	286	3407	490	1	644	764	495	451	211	584	309	923	3215	1583	4852	1233	959	2729	3514	7892	10353	5827	3232	20462	14038	27470	27685	44521	127106	647740	219876	119893	3867	36618	2699	7524	0
LFQ	68	0	0	37858	0	0	331	236	3464	416	0	651	793	480	413	195	595	265	970	3250	1684	4821	1099	772	2857	3676	8271	9865	6126	3155	20416	14412	27917	28262	45515	131254	670612	216080	104554	2940	28259	2041	5832	0
LFQ	69	0	0	39340	0	0	340	241	3664	356	0	692	752	518	342	213	597	304	979	3333	1794	4952	1041	748	2970	3773	9028	9335	6406	3065	21271	14260	28844	28866	46611	135594	690649	210051	89602	2278	21443	1616	4469	0
LFQ	70	0	0	40846	0	0	315	232	3422	357	0	724	815	511	290	170	656	327	1017	3422	1955	5179	975	623	3048	3970	9323	8833	6808	2916	21522	14582	29655	29904	48025	139734	709644	201778	75982	1707	16414	1248	3408	0
LFQ	71	0	0	42621	0	0	307	197	3482	296	1	800	720	487	244	189	664	300	1047	3347	1993	5021	841	518	3108	4029	9946	8279	7220	2624	21816	14807	30433	30147	49459	143868	725382	194811	63876	1369	12515	953	2620	0
LFQ	72	0	0	44624	0	0	345	200	3335	293	0	736	672	442	209	153	725	283	1059	3358	2031	5056	727	440	3179	4165	10224	7636	7417	2574	21985	14843	30330	30674	49974	147842	742090	185890	53370	1026	9655	755	2020	0
LFQ	73	0	0	46768	0	0	363	173	3237	256	1	791	627	499	162	183	726	328	1080	3386	2235	5022	705	353	3155	4402	10928	7178	7673	2325	22789	15039	31211	31598	51128	151262	752944	177212	44215	803	7438	577	1565	0
LFQ	74	0	0	49318	0	0	283	166	2991	217	0	787	565	404	131	143	746	306	1101	3318	2247	4926	527	350	3345	4454	11130	6632	8196	2250	22882	15104	32102	31796	52162	154314	763831	168800	36731	643	5827	423	1189	0
LFQ	75	0	0	52108	0	0	286	108	2937	181	1	715	527	138	330	144	768	306	979	3366	2446	4766	448	312	3335	4441	11097	5940	8428	2109	22673	15103	31792	32316	53095	157093	773359	161428	30771	495	4755	327	914	0
LFQ	76	0	0	55552	0	0	258	87	2633	128	2	667	440	113	343	115	716	279	1057	3212	2390	4434	374	352	3421	4580	11515	5266	8698	1809	22959	15409	31950	32740	53792	159681	781387	153245	25562	433	3839	254	645	0
LFQ	77	0	0	59655	0	0	229	61	2141	113	1	598	374	96	265	90	755	305	982	3072	2416	4231	296	281	3333	4760	11643	4679	8955	1728	22940	15618	33162	33365	54777	163636	784032	146341	21494	340	3014	164	395	0
LFQ	78	0	0	64640	0	0	150	42	1487	73	0	448	230	37	169	60	694	280	1045	3150	2408	3935	247	295	3170	4671	12003	4063	9196	1526	23262	15849	33794	34184	55713	166953	784802	140381	18335	249	2473	93	230	0
LFQ	79	0	0	70445	0	0	28	8	573	27	1	200	71	20	79	42	629	287	946	2974	2251	3640	167	288	2982	4656	12075	3472	9307	1398	23682	16031	34337	34682	56753	168509	786212	135270	15993	184	1961	48	109	0
LFQ	80	0	0	76900	0	0	0	0	0	1	0	0	0	0	6	3	624	300	883	3011	2196	3065	116	282	2989	4560	11634	3065	9234	1224	23113	15827	35044	35249	57755	172375	784487	130329	14287	163	1562	14	39	0
LFQ	81	0	0	88096	0	0	0	0	0	0	0	0	0	0	0	0	2075	1205	2553	11649	6557	8416	397	1101	7885	11636	33428	7341	24147	2976	58592	36135	80310	79233	89645	312701	459189	57907	6315	155	684	4	5	0
# GC Content of first fragments. Use `grep ^GCF | cut -f 2-` to extract this part.
GCF	0.50	37
GCF	1.51	214
GCF	2.76	354
GCF	4.02	525
GCF	5.28	682
GCF	6.53	735
GCF	7.79	777
GCF	9.05	748
GCF	10.30	856
GCF	11.56	876
GCF	12.81	871
GCF	14.07	1019
GCF	15.08	1307
GCF	16.33	1603
GCF	17.59	2088
GCF	18.84	3059
GCF	20.10	3810
GCF	20.85	5830
GCF	21.36	5831
GCF	21.86	5832
GCF	22.36	7128
GCF	22.86	7129
GCF	23.37	9792
GCF	23.87	9791
GCF	24.37	9792
GCF	25.13	13376
GCF	25.88	18190
GCF	26.63	18189
GCF	27.39	24955
GCF	27.89	24957
GCF	28.39	32929
GCF	28.89	32930
GCF	29.40	42956
GCF	29.90	42955
GCF	30.40	42954
GCF	31.16	54864
GCF	31.91	65833
GCF	32.41	65834
GCF	32.91	65836
GCF	33.42	77662
GCF	33.92	77663
GCF	34.42	88637
GCF	34.92	88639
GCF	35.43	88638
GCF	35.93	95840
GCF	36.43	95836
GCF	36.93	102347
GCF	37.44	102346
GCF	37.94	102347
GCF	38.69	102862
GCF	39.70	99821
GCF	40.45	99822
GCF	40.95	95199
GCF	41.46	95198
GCF	42.21	85421
GCF	42.96	74877
GCF	43.47	74878
GCF	43.97	74877
GCF	44.47	63274
GCF	44.97	63275
GCF	45.98	51282
GCF	46.98	41575
GCF	47.49	41574
GCF	47.99	32185
GCF	48.74	32188
GCF	49.50	23532
GCF	50.00	23529
GCF	50.75	17767
GCF	51.51	17765
GCF	52.26	12853
GCF	53.02	9407
GCF	53.77	9408
GCF	54.52	6444
GCF	55.03	6445
GCF	55.53	4456
GCF	56.03	4457
GCF	56.53	4456
GCF	57.04	3058
GCF	57.54	3059
GCF	58.04	2157
GCF	58.54	2155
GCF	59.55	1421
GCF	60.80	1025
GCF	62.06	677
GCF	63.32	488
GCF	64.57	286
GCF	65.83	205
GCF	67.09	164
GCF	68.34	95
GCF	69.60	42
GCF	70.85	32
GCF	71.86	28
GCF	73.12	12
GCF	74.37	16
GCF	75.63	2
GCF	76.88	3
GCF	78.14	1
GCF	79.40	0
GCF	80.65	1
# GC Content of last fragments. Use `grep ^GCL | cut -f 2-` to extract this part.
GCL	0.50	58
GCL	1.51	189
GCL	2.76	360
GCL	4.02	482
GCL	5.28	703
GCL	6.53	805
GCL	7.79	720
GCL	9.05	762
GCL	10.30	842
GCL	11.56	840
GCL	12.81	991
GCL	14.07	1096
GCL	15.08	1377
GCL	16.33	1703
GCL	17.59	2152
GCL	18.84	3089
GCL	20.10	3886
GCL	21.11	5836
GCL	21.86	5835
GCL	22.36	7289
GCL	22.86	7290
GCL	23.62	9905
GCL	24.37	9906
GCL	25.13	13598
GCL	26.38	18501
GCL	27.64	25486
GCL	28.64	33059
GCL	29.90	43151
GCL	31.16	55032
GCL	31.91	65600
GCL	32.41	65601
GCL	32.91	65602
GCL	33.42	77396
GCL	33.92	77397
GCL	34.42	87932
GCL	34.92	87934
GCL	35.43	87933
GCL	35.93	96432
GCL	36.43	96431
GCL	37.19	101575
GCL	37.94	101573
GCL	38.44	103049
GCL	38.94	103048
GCL	39.45	99819
GCL	40.20	99818
GCL	40.95	94751
GCL	41.46	94752
GCL	41.96	85071
GCL	42.46	85072
GCL	42.96	74005
GCL	43.47	74004
GCL	43.97	74005
GCL	44.47	63360
GCL	44.97	63359
GCL	45.73	51775
GCL	46.48	51774
GCL	47.24	41403
GCL	47.99	32131
GCL	48.49	32132
GCL	48.99	32133
GCL	49.50	23385
GCL	50.00	23387
GCL	50.50	17773
GCL	51.01	17774
GCL	51.51	17773
GCL	52.01	12954
GCL	52.51	12953
GCL	53.02	9344
GCL	53.77	9342
GCL	54.77	6429
GCL	55.53	4432
GCL	56.03	4433
GCL	56.53	4432
GCL	57.29	3090
GCL	58.29	2151
GCL	59.30	1484
GCL	60.05	1483
GCL	60.80	1029
GCL	62.06	697
GCL	63.32	459
GCL	64.57	310
GCL	65.83	217
GCL	67.09	159
GCL	68.34	106
GCL	69.60	77
GCL	70.85	40
GCL	71.86	33
GCL	73.12	22
GCL	74.37	12
GCL	75.63	4
GCL	76.88	5
GCL	78.14	0
GCL	79.40	1
GCL	80.65	2
GCL	82.66	1
# ACGT content per cycle. Use `grep ^GCC | cut -f 2-` to extract this part. The columns are: cycle; A,C,G,T base counts as a percentage of all A/C/G/T bases [%]; and N and O counts as a percentage of all A/C/G/T bases [%]
GCC	1	30.97	19.08	18.93	31.02	0.04	0.00
GCC	2	30.95	19.11	19.02	30.92	0.00	0.00
GCC	3	30.94	19.18	19.01	30.87	0.00	0.00
GCC	4	31.04	18.97	18.96	31.04	0.00	0.00
GCC	5	31.00	19.11	18.92	30.98	0.00	0.00
GCC	6	30.95	19.10	18.89	31.06	0.00	0.00
GCC	7	30.97	19.03	18.83	31.16	0.00	0.00
GCC	8	31.03	19.10	18.85	31.01	0.00	0.00
GCC	9	30.99	19.07	18.95	30.99	0.00	0.00
GCC	10	30.95	19.08	18.94	31.03	0.00	0.00
GCC	11	31.01	19.06	18.99	30.94	0.00	0.00
GCC	12	30.82	19.16	18.92	31.10	0.00	0.00
GCC	13	31.04	18.99	18.90	31.07	0.00	0.00
GCC	14	30.87	19.20	18.89	31.05	0.00	0.00
GCC	15	30.92	19.12	19.02	30.94	0.00	0.00
GCC	16	31.03	19.00	18.91	31.06	0.01	0.00
GCC	17	30.95	19.15	18.90	31.00	0.01	0.00
GCC	18	30.93	19.04	18.99	31.05	0.00	0.00
GCC	19	31.15	19.03	18.83	30.99	0.00	0.00
GCC	20	31.01	19.11	18.90	30.99	0.00	0.00
GCC	21	31.01	19.04	18.89	31.06	0.00	0.00
GCC	22	30.98	19.10	18.77	31.15	0.00	0.00
GCC	23	30.92	19.03	18.97	31.08	0.00	0.00
GCC	24	30.93	19.16	18.92	30.99	0.04	0.00
GCC	25	31.06	18.96	18.87	31.11	0.05	0.00
GCC	26	30.93	19.01	18.88	31.18	0.03	0.00
GCC	27	31.06	19.07	18.80	31.07	0.03	0.00
GCC	28	31.10	18.89	18.83	31.18	0.01	0.00
GCC	29	31.05	19.09	18.76	31.10	0.02	0.00
GCC	30	31.01	18.99	18.88	31.12	0.01	0.00
GCC	31	30.95	19.05	18.92	31.08	0.01	0.00
GCC	32	30.95	19.18	18.89	30.98	0.00	0.00
GCC	33	30.96	19.05	18.97	31.02	0.01	0.00
GCC	34	30.97	19.17	18.90	30.96	0.01	0.00
GCC	35	30.98	18.98	18.93	31.12	0.00	0.00
GCC	36	30.90	19.08	18.98	31.05	0.02	0.00
GCC	37	31.12	18.93	18.71	31.24	0.01	0.00
GCC	38	31.06	18.99	18.89	31.07	0.01	0.00
GCC	39	31.00	19.08	18.85	31.07	0.01	0.00
GCC	40	31.03	18.94	18.77	31.27	0.01	0.00
GCC	41	30.86	19.17	18.89	31.07	0.01	0.00
GCC	42	31.01	19.00	18.86	31.13	0.01	0.00
GCC	43	31.08	19.04	18.80	31.07	0.01	0.00
GCC	44	30.97	19.12	18.87	31.04	0.01	0.00
GCC	45	30.98	19.01	18.92	31.09	0.01	0.00
GCC	46	31.03	19.06	18.86	31.06	0.02	0.00
GCC	47	30.90	19.04	18.91	31.15	0.02	0.00
GCC	48	31.09	19.04	18.86	31.01	0.02	0.00
GCC	49	31.10	18.99	18.78	31.13	0.02	0.00
GCC	50	31.04	19.04	18.85	31.07	0.02	0.00
GCC	51	31.04	19.04	18.81	31.12	0.01	0.00
GCC	52	31.05	19.03	18.87	31.05	0.02	0.00
GCC	53	30.98	19.07	18.85	31.10	0.01	0.00
GCC	54	30.97	19.04	18.90	31.09	0.01	0.00
GCC	55	31.01	19.04	18.81	31.14	0.02	0.00
GCC	56	30.97	19.05	18.85	31.13	0.02	0.00
GCC	57	30.95	19.06	18.86	31.12	0.02	0.00
GCC	58	31.02	19.03	18.80	31.15	0.03	0.00
GCC	59	31.03	19.02	18.87	31.08	0.02	0.00
GCC	60	31.05	19.04	18.89	31.02	0.02	0.00
GCC	61	31.02	18.92	18.88	31.19	0.02	0.00
GCC	62	30.95	19.03	18.99	31.04	0.01	0.00
GCC	63	31.00	19.00	18.93	31.07	0.01	0.00
GCC	64	30.96	19.01	18.87	31.16	0.02	0.00
GCC	65	30.88	19.17	18.95	31.00	0.02	0.00
GCC	66	30.86	19.14	18.96	31.04	0.01	0.00
GCC	67	30.96	19.05	18.90	31.08	0.02	0.00
GCC	68	30.94	19.06	18.88	31.12	0.01	0.00
GCC	69	30.93	19.11	18.87	31.09	0.01	0.00
GCC	70	31.02	19.08	18.82	31.09	0.01	0.00
GCC	71	30.93	19.07	18.90	31.10	0.02	0.00
GCC	72	30.98	19.08	18.89	31.05	0.02	0.00
GCC	73	31.03	19.00	18.86	31.11	0.01	0.00
GCC	74	31.05	18.97	18.95	31.03	0.01	0.00
GCC	75	30.91	19.18	18.96	30.95	0.02	0.00
GCC	76	31.07	19.07	18.84	31.02	0.01	0.00
GCC	77	30.86	19.28	19.01	30.85	0.01	0.00
GCC	78	30.94	19.12	18.94	30.99	0.02	0.00
GCC	79	30.88	19.18	18.97	30.97	0.01	0.00
GCC	80	30.80	19.15	19.05	31.01	0.02	0.00
GCC	81	30.84	19.22	19.00	30.94	0.01	0.00
# ACGT content per cycle, read oriented. Use `grep ^GCT | cut -f 2-` to extract this part. The columns are: cycle; A,C,G,T base counts as a percentage of all A/C/G/T bases [%]
GCT	1	30.75	19.06	18.95	31.24
GCT	2	30.53	19.06	19.08	31.33
GCT	3	30.71	19.19	19.00	31.10
GCT	4	31.09	19.00	18.93	30.99
GCT	5	30.71	19.06	18.96	31.26
GCT	6	30.88	19.07	18.92	31.13
GCT	7	31.06	18.87	18.99	31.08
GCT	8	30.88	18.90	19.05	31.17
GCT	9	30.93	18.98	19.03	31.06
GCT	10	31.07	18.94	19.08	30.91
GCT	11	30.86	18.93	19.12	31.10
GCT	12	30.88	19.10	18.98	31.04
GCT	13	31.05	18.98	18.91	31.06
GCT	14	30.71	19.01	19.08	31.21
GCT	15	30.75	19.11	19.02	31.12
GCT	16	30.95	18.81	19.10	31.14
GCT	17	30.84	19.05	18.99	31.11
GCT	18	30.95	19.08	18.94	31.02
GCT	19	31.15	18.94	18.92	31.00
GCT	20	30.89	18.93	19.08	31.10
GCT	21	30.90	18.96	18.96	31.18
GCT	22	31.10	18.97	18.90	31.03
GCT	23	30.79	18.93	19.07	31.21
GCT	24	30.81	19.14	18.94	31.11
GCT	25	31.01	18.95	18.88	31.15
GCT	26	30.92	18.86	19.03	31.19
GCT	27	31.05	18.98	18.88	31.09
GCT	28	31.15	18.80	18.92	31.13
GCT	29	30.90	18.94	18.91	31.25
GCT	30	30.90	18.99	18.88	31.23
GCT	31	31.01	18.89	19.08	31.03
GCT	32	30.81	19.05	19.02	31.12
GCT	33	30.83	19.03	18.99	31.14
GCT	34	30.90	19.06	19.02	31.02
GCT	35	30.87	18.97	18.93	31.23
GCT	36	30.87	19.06	19.00	31.07
GCT	37	31.18	18.82	18.82	31.17
GCT	38	30.79	18.91	18.97	31.33
GCT	39	30.88	18.98	18.95	31.19
GCT	40	31.10	18.81	18.89	31.19
GCT	41	30.78	19.02	19.04	31.16
GCT	42	30.93	18.94	18.92	31.21
GCT	43	31.04	18.94	18.90	31.12
GCT	44	30.85	18.97	19.02	31.17
GCT	45	30.93	19.04	18.89	31.14
GCT	46	30.97	18.92	19.00	31.11
GCT	47	30.87	18.95	19.00	31.18
GCT	48	30.95	18.99	18.92	31.14
GCT	49	31.15	18.86	18.91	31.08
GCT	50	30.90	18.85	19.04	31.21
GCT	51	31.00	18.93	18.91	31.16
GCT	52	31.01	18.92	18.98	31.08
GCT	53	30.86	18.96	18.96	31.23
GCT	54	30.89	19.06	18.88	31.17
GCT	55	31.01	18.93	18.93	31.13
GCT	56	30.90	18.96	18.95	31.19
GCT	57	31.03	19.03	18.89	31.05
GCT	58	31.13	18.94	18.89	31.04
GCT	59	30.96	18.93	18.96	31.16
GCT	60	30.94	19.04	18.88	31.13
GCT	61	31.13	18.84	18.96	31.07
GCT	62	30.89	18.92	19.10	31.09
GCT	63	30.86	18.99	18.94	31.21
GCT	64	31.13	18.95	18.93	30.99
GCT	65	30.80	18.99	19.13	31.07
GCT	66	30.85	19.08	19.02	31.05
GCT	67	31.13	18.92	19.03	30.92
GCT	68	30.87	18.91	19.02	31.20
GCT	69	30.92	19.04	18.94	31.10
GCT	70	31.06	18.97	18.92	31.05
GCT	71	30.89	18.94	19.04	31.14
GCT	72	31.06	19.04	18.94	30.96
GCT	73	31.18	18.94	18.92	30.96
GCT	74	30.98	18.94	18.99	31.10
GCT	75	30.94	19.25	18.89	30.91
GCT	76	31.04	19.05	18.87	31.05
GCT	77	30.72	19.13	19.17	30.99
GCT	78	30.74	19.06	19.01	31.19
GCT	79	30.83	19.14	19.01	31.02
GCT	80	30.50	19.21	18.98	31.30
GCT	81	30.65	19.38	18.85	31.13
# ACGT content per cycle for first fragments. Use `grep ^FBC | cut -f 2-` to extract this part. The columns are: cycle; A,C,G,T base counts as a percentage of all A/C/G/T bases [%]; and N and O counts as a percentage of all A/C/G/T bases [%]
FBC	1	30.96	19.07	18.98	31.00	0.00	0.00
FBC	2	30.96	19.13	19.01	30.90	0.00	0.00
FBC	3	30.96	19.18	19.03	30.84	0.00	0.00
FBC	4	31.06	18.96	18.96	31.02	0.00	0.00
FBC	5	30.98	19.12	18.93	30.97	0.00	0.00
FBC	6	30.96	19.08	18.86	31.10	0.00	0.00
FBC	7	30.97	19.01	18.84	31.18	0.00	0.00
FBC	8	31.02	19.09	18.86	31.03	0.00	0.00
FBC	9	30.99	19.05	18.95	31.00	0.00	0.00
FBC	10	30.97	19.08	18.95	30.99	0.00	0.00
FBC	11	31.03	19.03	18.99	30.95	0.00	0.00
FBC	12	30.79	19.13	18.97	31.11	0.00	0.00
FBC	13	31.02	19.02	18.90	31.06	0.01	0.00
FBC	14	30.88	19.22	18.84	31.06	0.00	0.00
FBC	15	30.95	19.10	18.99	30.95	0.00	0.00
FBC	16	31.02	19.02	18.93	31.04	0.00	0.00
FBC	17	30.96	19.15	18.90	30.99	0.00	0.00
FBC	18	30.97	18.98	18.98	31.07	0.00	0.00
FBC	19	31.16	19.07	18.82	30.95	0.00	0.00
FBC	20	30.99	19.12	18.90	30.99	0.01	0.00
FBC	21	31.04	19.03	18.88	31.05	0.00	0.00
FBC	22	30.98	19.09	18.82	31.12	0.00	0.00
FBC	23	30.96	19.03	18.97	31.04	0.00	0.00
FBC	24	30.88	19.14	18.97	31.01	0.06	0.00
FBC	25	31.08	18.95	18.89	31.08	0.10	0.00
FBC	26	30.90	19.02	18.90	31.18	0.06	0.00
FBC	27	31.00	19.11	18.79	31.10	0.06	0.00
FBC	28	31.10	18.90	18.83	31.17	0.01	0.00
FBC	29	31.05	19.11	18.78	31.05	0.03	0.00
FBC	30	31.03	19.00	18.86	31.11	0.02	0.00
FBC	31	30.94	19.05	18.91	31.10	0.02	0.00
FBC	32	30.97	19.17	18.87	30.99	0.01	0.00
FBC	33	30.95	19.04	19.00	31.00	0.02	0.00
FBC	34	30.95	19.17	18.95	30.94	0.01	0.00
FBC	35	31.02	19.00	18.89	31.09	0.00	0.00
FBC	36	30.89	19.10	18.97	31.04	0.02	0.00
FBC	37	31.13	18.91	18.73	31.23	0.01	0.00
FBC	38	31.02	19.02	18.88	31.08	0.01	0.00
FBC	39	31.01	19.04	18.85	31.09	0.01	0.00
FBC	40	31.03	18.94	18.78	31.26	0.01	0.00
FBC	41	30.84	19.17	18.87	31.11	0.01	0.00
FBC	42	30.95	19.08	18.81	31.16	0.01	0.00
FBC	43	31.10	18.98	18.81	31.12	0.01	0.00
FBC	44	30.94	19.14	18.90	31.03	0.02	0.00
FBC	45	30.94	19.04	18.94	31.08	0.01	0.00
FBC	46	31.03	19.07	18.89	31.02	0.02	0.00
FBC	47	30.92	19.05	18.90	31.14	0.02	0.00
FBC	48	31.05	19.04	18.88	31.03	0.01	0.00
FBC	49	31.09	19.01	18.81	31.10	0.02	0.00
FBC	50	31.03	19.09	18.86	31.01	0.02	0.00
FBC	51	31.03	19.06	18.80	31.11	0.01	0.00
FBC	52	31.03	19.06	18.89	31.02	0.02	0.00
FBC	53	30.97	19.09	18.86	31.08	0.01	0.00
FBC	54	30.97	19.11	18.87	31.06	0.01	0.00
FBC	55	30.98	19.05	18.89	31.08	0.01	0.00
FBC	56	30.96	19.04	18.86	31.13	0.02	0.00
FBC	57	30.97	19.02	18.91	31.10	0.01	0.00
FBC	58	31.09	18.97	18.79	31.14	0.02	0.00
FBC	59	31.03	19.00	18.88	31.08	0.01	0.00
FBC	60	31.06	19.09	18.90	30.96	0.01	0.00
FBC	61	31.00	18.91	18.90	31.18	0.00	0.00
FBC	62	31.00	19.01	18.96	31.02	0.01	0.00
FBC	63	30.99	19.02	18.95	31.04	0.00	0.00
FBC	64	30.98	19.02	18.84	31.16	0.01	0.00
FBC	65	30.88	19.18	18.92	31.02	0.00	0.00
FBC	66	30.86	19.15	18.95	31.03	0.00	0.00
FBC	67	30.97	19.05	18.94	31.04	0.00	0.00
FBC	68	30.92	19.12	18.87	31.09	0.00	0.00
FBC	69	30.91	19.15	18.85	31.09	0.00	0.00
FBC	70	31.05	19.09	18.82	31.04	0.00	0.00
FBC	71	30.88	19.12	18.89	31.11	0.01	0.00
FBC	72	30.99	19.13	18.84	31.04	0.00	0.00
FBC	73	31.00	18.97	18.90	31.13	0.00	0.00
FBC	74	31.05	18.98	18.96	31.02	0.00	0.00
FBC	75	30.92	19.17	18.97	30.94	0.00	0.00
FBC	76	31.08	19.09	18.82	31.01	0.00	0.00
FBC	77	30.83	19.25	19.05	30.88	0.00	0.00
FBC	78	30.90	19.15	18.92	31.02	0.00	0.00
FBC	79	30.90	19.21	18.96	30.92	0.00	0.00
FBC	80	30.80	19.14	19.06	31.00	0.00	0.00
FBC	81	30.80	19.27	19.01	30.93	0.00	0.00
# ACGT raw counters for first fragments. Use `grep ^FTC | cut -f 2-` to extract this part. The columns are: A,C,G,T,N base counters
FTC	34887915	21477214	21283399	34969844	11761
# ACGT content per cycle for last fragments. Use `grep ^LBC | cut -f 2-` to extract this part. The columns are: cycle; A,C,G,T base counts as a percentage of all A/C/G/T bases [%]; and N and O counts as a percentage of all A/C/G/T bases [%]
LBC	1	30.98	19.09	18.88	31.04	0.07	0.00
LBC	2	30.94	19.10	19.03	30.93	0.00	0.00
LBC	3	30.93	19.19	18.98	30.90	0.00	0.00
LBC	4	31.01	18.98	18.96	31.05	0.00	0.00
LBC	5	31.01	19.10	18.90	30.98	0.00	0.00
LBC	6	30.94	19.12	18.92	31.03	0.00	0.00
LBC	7	30.98	19.05	18.82	31.14	0.00	0.00
LBC	8	31.05	19.12	18.83	31.00	0.00	0.00
LBC	9	31.00	19.09	18.94	30.98	0.00	0.00
LBC	10	30.92	19.09	18.92	31.07	0.00	0.00
LBC	11	31.00	19.08	18.99	30.93	0.00	0.00
LBC	12	30.85	19.19	18.87	31.09	0.00	0.00
LBC	13	31.06	18.96	18.90	31.08	0.00	0.00
LBC	14	30.85	19.17	18.93	31.04	0.00	0.00
LBC	15	30.90	19.13	19.05	30.93	0.00	0.00
LBC	16	31.04	18.99	18.89	31.08	0.01	0.00
LBC	17	30.94	19.15	18.90	31.01	0.02	0.00
LBC	18	30.89	19.10	18.99	31.02	0.00	0.00
LBC	19	31.15	19.00	18.83	31.02	0.00	0.00
LBC	20	31.03	19.09	18.90	30.98	0.00	0.00
LBC	21	30.99	19.04	18.90	31.07	0.00	0.00
LBC	22	30.98	19.11	18.72	31.19	0.00	0.00
LBC	23	30.89	19.03	18.97	31.12	0.00	0.00
LBC	24	30.98	19.18	18.88	30.96	0.01	0.00
LBC	25	31.03	18.97	18.86	31.14	0.00	0.00
LBC	26	30.96	19.00	18.87	31.18	0.00	0.00
LBC	27	31.12	19.02	18.80	31.05	0.00	0.00
LBC	28	31.10	18.88	18.82	31.19	0.00	0.00
LBC	29	31.05	19.07	18.74	31.14	0.01	0.00
LBC	30	31.00	18.97	18.90	31.13	0.01	0.00
LBC	31	30.96	19.04	18.94	31.06	0.00	0.00
LBC	32	30.92	19.19	18.92	30.98	0.00	0.00
LBC	33	30.97	19.05	18.95	31.03	0.00	0.00
LBC	34	30.99	19.17	18.86	30.98	0.02	0.00
LBC	35	30.95	18.96	18.96	31.14	0.00	0.00
LBC	36	30.91	19.07	18.98	31.05	0.02	0.00
LBC	37	31.10	18.95	18.69	31.26	0.00	0.00
LBC	38	31.09	18.96	18.90	31.05	0.01	0.00
LBC	39	30.98	19.12	18.85	31.05	0.01	0.00
LBC	40	31.02	18.94	18.75	31.28	0.01	0.00
LBC	41	30.88	19.18	18.90	31.03	0.01	0.00
LBC	42	31.07	18.93	18.90	31.10	0.01	0.00
LBC	43	31.07	19.11	18.78	31.03	0.01	0.00
LBC	44	31.00	19.11	18.84	31.05	0.01	0.00
LBC	45	31.03	18.97	18.91	31.09	0.02	0.00
LBC	46	31.03	19.05	18.84	31.09	0.01	0.00
LBC	47	30.88	19.02	18.93	31.17	0.02	0.00
LBC	48	31.12	19.05	18.84	31.00	0.02	0.00
LBC	49	31.11	18.96	18.76	31.17	0.02	0.00
LBC	50	31.04	18.99	18.84	31.13	0.02	0.00
LBC	51	31.04	19.02	18.82	31.12	0.02	0.00
LBC	52	31.06	19.01	18.84	31.08	0.02	0.00
LBC	53	30.99	19.05	18.84	31.12	0.01	0.00
LBC	54	30.98	18.97	18.93	31.12	0.02	0.00
LBC	55	31.03	19.04	18.74	31.19	0.03	0.00
LBC	56	30.98	19.06	18.84	31.12	0.02	0.00
LBC	57	30.93	19.10	18.82	31.15	0.02	0.00
LBC	58	30.95	19.09	18.81	31.16	0.03	0.00
LBC	59	31.04	19.03	18.86	31.07	0.03	0.00
LBC	60	31.05	19.00	18.88	31.08	0.02	0.00
LBC	61	31.03	18.93	18.85	31.19	0.03	0.00
LBC	62	30.89	19.04	19.03	31.05	0.02	0.00
LBC	63	31.01	18.98	18.91	31.10	0.02	0.00
LBC	64	30.94	19.00	18.90	31.16	0.03	0.00
LBC	65	30.89	19.16	18.98	30.98	0.03	0.00
LBC	66	30.85	19.14	18.96	31.05	0.03	0.00
LBC	67	30.96	19.05	18.86	31.13	0.03	0.00
LBC	68	30.97	18.99	18.89	31.15	0.02	0.00
LBC	69	30.95	19.07	18.89	31.09	0.03	0.00
LBC	70	30.98	19.07	18.81	31.13	0.02	0.00
LBC	71	30.97	19.02	18.92	31.09	0.04	0.00
LBC	72	30.96	19.04	18.95	31.05	0.04	0.00
LBC	73	31.05	19.03	18.82	31.09	0.03	0.00
LBC	74	31.05	18.96	18.95	31.04	0.02	0.00
LBC	75	30.90	19.19	18.95	30.96	0.03	0.00
LBC	76	31.06	19.06	18.86	31.03	0.03	0.00
LBC	77	30.90	19.31	18.98	30.82	0.03	0.00
LBC	78	30.98	19.09	18.96	30.96	0.04	0.00
LBC	79	30.86	19.16	18.97	31.01	0.02	0.00
LBC	80	30.79	19.15	19.04	31.01	0.04	0.00
LBC	81	30.88	19.18	19.00	30.95	0.02	0.00
# ACGT raw counters for last fragments. Use `grep ^LTC | cut -f 2-` to extract this part. The columns are: A,C,G,T,N base counters
LTC	34886947	21461982	21270901	34982689	16652
# Insert sizes. Use `grep ^IS | cut -f 2-` to extract this part. The columns are: insert size, pairs total, inward oriented pairs, outward oriented pairs, other pairs
IS	0	0	0	0	0
IS	1	0	0	0	0
IS	2	2	0	2	0
IS	3	3	0	3	0
IS	4	2	0	2	0
IS	5	4	0	4	0
IS	6	2	0	2	0
IS	7	2	0	2	0
IS	8	4	0	4	0
IS	9	3	0	3	0
IS	10	2	0	2	0
IS	11	0	0	0	0
IS	12	1	0	1	0
IS	13	1	0	1	0
IS	14	9	0	9	0
IS	15	1	0	1	0
IS	16	3	0	3	0
IS	17	2	0	2	0
IS	18	3	0	3	0
IS	19	121	51	70	0
IS	20	44	24	20	0
IS	21	28	9	19	0
IS	22	27	11	16	0
IS	23	37	21	16	0
IS	24	23	8	15	0
IS	25	31	13	18	0
IS	26	14	6	8	0
IS	27	21	6	15	0
IS	28	14	4	10	0
IS	29	23	3	20	0
IS	30	11	4	7	0
IS	31	26	10	16	0
IS	32	19	7	12	0
IS	33	18	4	14	0
IS	34	28	13	15	0
IS	35	30	14	16	0
IS	36	23	8	15	0
IS	37	18	6	12	0
IS	38	25	9	16	0
IS	39	23	9	14	0
IS	40	30	6	24	0
IS	41	33	8	25	0
IS	42	50	10	40	0
IS	43	52	24	28	0
IS	44	38	10	28	0
IS	45	35	10	25	0
IS	46	38	11	27	0
IS	47	80	28	52	0
IS	48	46	15	31	0
IS	49	44	12	32	0
IS	50	60	12	48	0
IS	51	84	21	63	0
IS	52	96	24	72	0
IS	53	74	15	59	0
IS	54	3108	28	3080	0
IS	55	3200	28	3172	0
IS	56	3326	22	3304	0
IS	57	3511	36	3475	0
IS	58	3428	33	3395	0
IS	59	3520	40	3480	0
IS	60	3492	30	3462	0
IS	61	3355	26	3329	0
IS	62	3488	38	3450	0
IS	63	3403	42	3361	0
IS	64	3398	32	3366	0
IS	65	3633	48	3585	0
IS	66	3622	39	3583	0
IS	67	3702	41	3661	0
IS	68	3755	51	3704	0
IS	69	3744	33	3711	0
IS	70	3797	38	3759	0
IS	71	3787	50	3737	0
IS	72	3809	49	3760	0
IS	73	3821	64	3757	0
IS	74	3911	70	3841	0
IS	75	3909	69	3840	0
IS	76	3993	70	3923	0
IS	77	3952	73	3879	0
IS	78	4020	85	3935	0
IS	79	4031	67	3964	0
IS	80	4008	95	3913	0
IS	81	4095	2045	2050	0
IS	82	4011	3951	60	0
IS	83	4047	4021	26	0
IS	84	4036	4024	12	0
IS	85	3998	3984	14	0
IS	86	4169	4134	35	0
IS	87	4088	4081	7	0
IS	88	4275	4248	27	0
IS	89	4126	4114	12	0
IS	90	4277	4264	13	0
IS	91	4324	4314	10	0
IS	92	4183	4178	5	0
IS	93	4223	4217	6	0
IS	94	4156	4152	4	0
IS	95	4232	4228	4	0
IS	96	4224	4222	2	0
IS	97	4347	4344	3	0
IS	98	4444	4443	1	0
IS	99	4472	4472	0	0
IS	100	4582	4582	0	0
IS	101	4518	4518	0	0
IS	102	4364	4364	0	0
IS	103	4457	4456	1	0
IS	104	4246	4246	0	0
IS	105	4458	4458	0	0
IS	106	4423	4423	0	0
IS	107	4425	4425	0	0
IS	108	4409	4409	0	0
IS	109	4500	4500	0	0
IS	110	4571	4571	0	0
IS	111	4591	4591	0	0
IS	112	4665	4665	0	0
IS	113	4473	4473	0	0
IS	114	4524	4524	0	0
IS	115	4504	4504	0	0
IS	116	4566	4566	0	0
IS	117	4673	4673	0	0
IS	118	4554	4554	0	0
IS	119	4571	4571	0	0
IS	120	4625	4625	0	0
IS	121	4604	4604	0	0
IS	122	4556	4556	0	0
IS	123	4613	4613	0	0
IS	124	4475	4475	0	0
IS	125	4533	4533	0	0
IS	126	4580	4580	0	0
IS	127	4425	4425	0	0
IS	128	4626	4626	0	0
IS	129	4575	4575	0	0
IS	130	4698	4698	0	0
IS	131	4656	4656	0	0
IS	132	4593	4593	0	0
IS	133	4528	4528	0	0
IS	134	4484	4484	0	0
IS	135	4539	4539	0	0
IS	136	4541	4541	0	0
IS	137	4587	4587	0	0
IS	138	4520	4520	0	0
IS	139	4440	4440	0	0
IS	140	4561	4561	0	0
IS	141	4593	4593	0	0
IS	142	4638	4638	0	0
IS	143	4529	4529	0	0
IS	144	4542	4542	0	0
IS	145	4549	4549	0	0
IS	146	4554	4554	0	0
IS	147	4405	4405	0	0
IS	148	4499	4499	0	0
IS	149	4548	4548	0	0
IS	150	4545	4545	0	0
IS	151	4496	4496	0	0
IS	152	4510	4510	0	0
IS	153	4578	4578	0	0
IS	154	4546	4546	0	0
IS	155	4472	4472	0	0
IS	156	4485	4485	0	0
IS	157	4360	4360	0	0
IS	158	4543	4543	0	0
IS	159	4474	4474	0	0
IS	160	4480	4480	0	0
IS	161	4543	4543	0	0
IS	162	4502	4502	0	0
IS	163	4318	4318	0	0
IS	164	4472	4472	0	0
IS	165	4379	4379	0	0
IS	166	4530	4530	0	0
IS	167	4311	4311	0	0
IS	168	4348	4348	0	0
IS	169	4282	4282	0	0
IS	170	4356	4356	0	0
IS	171	4436	4436	0	0
IS	172	4280	4280	0	0
IS	173	4446	4446	0	0
IS	174	4329	4329	0	0
IS	175	4276	4276	0	0
IS	176	4341	4341	0	0
IS	177	4353	4353	0	0
IS	178	4157	4157	0	0
IS	179	4263	4263	0	0
IS	180	4273	4273	0	0
IS	181	4238	4238	0	0
IS	182	4428	4428	0	0
IS	183	4375	4375	0	0
IS	184	4317	4317	0	0
IS	185	4334	4334	0	0
IS	186	4165	4165	0	0
IS	187	4175	4175	0	0
IS	188	4277	4277	0	0
IS	189	4147	4147	0	0
IS	190	4154	4154	0	0
IS	191	4187	4187	0	0
IS	192	4172	4172	0	0
IS	193	4198	4198	0	0
IS	194	4187	4187	0	0
IS	195	4093	4093	0	0
IS	196	4036	4036	0	0
IS	197	4121	4121	0	0
IS	198	4089	4089	0	0
IS	199	3957	3957	0	0
IS	200	3976	3976	0	0
IS	201	3959	3959	0	0
IS	202	4116	4116	0	0
IS	203	4106	4106	0	0
IS	204	4043	4043	0	0
IS	205	3968	3968	0	0
IS	206	4032	4032	0	0
IS	207	3807	3807	0	0
IS	208	3919	3919	0	0
IS	209	3840	3840	0	0
IS	210	3868	3868	0	0
IS	211	3867	3867	0	0
IS	212	3828	3828	0	0
IS	213	3835	3835	0	0
IS	214	3876	3876	0	0
IS	215	3880	3880	0	0
IS	216	3781	3781	0	0
IS	217	3717	3717	0	0
IS	218	3739	3739	0	0
IS	219	3677	3677	0	0
IS	220	3828	3828	0	0
IS	221	3614	3614	0	0
IS	222	3683	3683	0	0
IS	223	3648	3648	0	0
IS	224	3768	3768	0	0
IS	225	3706	3706	0	0
IS	226	3727	3727	0	0
IS	227	3588	3588	0	0
IS	228	3712	3712	0	0
IS	229	3558	3558	0	0
IS	230	3540	3540	0	0
IS	231	3479	3479	0	0
IS	232	3582	3582	0	0
IS	233	3615	3615	0	0
IS	234	3600	3600	0	0
IS	235	3577	3577	0	0
IS	236	3525	3525	0	0
IS	237	3476	3476	0	0
IS	238	3429	3429	0	0
IS	239	3443	3443	0	0
IS	240	3501	3501	0	0
IS	241	3306	3306	0	0
IS	242	3376	3376	0	0
IS	243	3329	3329	0	0
IS	244	3386	3386	0	0
IS	245	3444	3444	0	0
IS	246	3338	3338	0	0
IS	247	3339	3339	0	0
IS	248	3240	3240	0	0
IS	249	3322	3322	0	0
IS	250	3317	3317	0	0
IS	251	3275	3275	0	0
IS	252	3214	3214	0	0
IS	253	3155	3155	0	0
IS	254	3335	3335	0	0
IS	255	3261	3261	0	0
IS	256	3300	3300	0	0
IS	257	3250	3250	0	0
IS	258	3076	3076	0	0
IS	259	3180	3180	0	0
IS	260	3142	3142	0	0
IS	261	3124	3124	0	0
IS	262	2972	2972	0	0
IS	263	3178	3178	0	0
IS	264	3032	3032	0	0
IS	265	3117	3117	0	0
IS	266	3081	3081	0	0
IS	267	3130	3130	0	0
IS	268	3091	3091	0	0
IS	269	2987	2987	0	0
IS	270	3075	3075	0	0
IS	271	3057	3057	0	0
IS	272	2982	2982	0	0
IS	273	2971	2971	0	0
IS	274	2871	2871	0	0
IS	275	2936	2936	0	0
IS	276	2990	2990	0	0
IS	277	2896	2896	0	0
IS	278	2958	2958	0	0
IS	279	2908	2908	0	0
IS	280	2928	2928	0	0
IS	281	2824	2824	0	0
IS	282	2818	2818	0	0
IS	283	2723	2723	0	0
IS	284	2871	2871	0	0
IS	285	2742	2742	0	0
IS	286	2774	2774	0	0
IS	287	2763	2763	0	0
IS	288	2755	2755	0	0
IS	289	2628	2628	0	0
IS	290	2795	2795	0	0
IS	291	2707	2707	0	0
IS	292	2690	2690	0	0
IS	293	2792	2792	0	0
IS	294	2620	2620	0	0
IS	295	2603	2603	0	0
IS	296	2759	2759	0	0
IS	297	2719	2719	0	0
IS	298	2625	2625	0	0
IS	299	2700	2700	0	0
IS	300	2620	2620	0	0
IS	301	2513	2513	0	0
IS	302	2659	2659	0	0
IS	303	2539	2539	0	0
IS	304	2463	2463	0	0
IS	305	2555	2555	0	0
IS	306	2441	2441	0	0
IS	307	2626	2626	0	0
IS	308	2477	2477	0	0
IS	309	2599	2599	0	0
IS	310	2437	2437	0	0
IS	311	2468	2468	0	0
IS	312	2423	2423	0	0
IS	313	2411	2411	0	0
IS	314	2478	2478	0	0
IS	315	2509	2509	0	0
IS	316	2296	2296	0	0
IS	317	2410	2410	0	0
IS	318	2415	2415	0	0
IS	319	2516	2516	0	0
IS	320	2411	2411	0	0
IS	321	2365	2365	0	0
IS	322	2335	2335	0	0
IS	323	2293	2293	0	0
IS	324	2322	2322	0	0
IS	325	2189	2189	0	0
IS	326	2258	2258	0	0
IS	327	2188	2188	0	0
IS	328	2293	2293	0	0
IS	329	2306	2306	0	0
IS	330	2282	2282	0	0
IS	331	2168	2168	0	0
IS	332	2230	2230	0	0
IS	333	2218	2218	0	0
IS	334	2188	2188	0	0
IS	335	2153	2153	0	0
IS	336	2176	2176	0	0
IS	337	2173	2173	0	0
IS	338	2099	2099	0	0
IS	339	2073	2073	0	0
IS	340	2087	2087	0	0
IS	341	2141	2141	0	0
IS	342	2142	2142	0	0
IS	343	2089	2089	0	0
IS	344	2086	2086	0	0
IS	345	2046	2046	0	0
IS	346	2064	2064	0	0
IS	347	1978	1978	0	0
IS	348	1982	1982	0	0
IS	349	2056	2056	0	0
IS	350	2013	2013	0	0
IS	351	1991	1991	0	0
IS	352	1970	1970	0	0
IS	353	1956	1956	0	0
IS	354	1945	1945	0	0
IS	355	1971	1971	0	0
IS	356	1944	1944	0	0
IS	357	2043	2043	0	0
IS	358	1872	1872	0	0
IS	359	1927	1927	0	0
IS	360	1970	1970	0	0
IS	361	1959	1959	0	0
IS	362	1886	1886	0	0
IS	363	1828	1828	0	0
IS	364	1874	1874	0	0
IS	365	1869	1869	0	0
IS	366	1797	1797	0	0
IS	367	1855	1855	0	0
IS	368	1782	1782	0	0
IS	369	1763	1763	0	0
IS	370	1831	1831	0	0
IS	371	1797	1797	0	0
IS	372	1803	1803	0	0
IS	373	1785	1785	0	0
IS	374	1732	1732	0	0
IS	375	1714	1714	0	0
IS	376	1648	1648	0	0
IS	377	1754	1754	0	0
IS	378	1693	1693	0	0
IS	379	1719	1719	0	0
IS	380	1697	1697	0	0
IS	381	1751	1751	0	0
IS	382	1722	1722	0	0
IS	383	1695	1695	0	0
IS	384	1696	1696	0	0
IS	385	1615	1615	0	0
IS	386	1589	1589	0	0
IS	387	1610	1610	0	0
IS	388	1557	1557	0	0
IS	389	1580	1580	0	0
IS	390	1559	1559	0	0
IS	391	1539	1539	0	0
IS	392	1523	1523	0	0
IS	393	1535	1535	0	0
IS	394	1545	1545	0	0
IS	395	1576	1576	0	0
IS	396	1604	1604	0	0
IS	397	1525	1525	0	0
IS	398	1520	1520	0	0
IS	399	1458	1458	0	0
IS	400	1468	1468	0	0
IS	401	1428	1428	0	0
IS	402	1524	1524	0	0
IS	403	1516	1516	0	0
IS	404	1462	1462	0	0
IS	405	1532	1532	0	0
IS	406	1433	1433	0	0
IS	407	1410	1410	0	0
IS	408	1467	1467	0	0
IS	409	1435	1435	0	0
IS	410	1415	1415	0	0
IS	411	1430	1430	0	0
IS	412	1370	1370	0	0
IS	413	1486	1486	0	0
IS	414	1428	1428	0	0
IS	415	1377	1377	0	0
IS	416	1327	1327	0	0
IS	417	1301	1301	0	0
IS	418	1376	1376	0	0
IS	419	1357	1357	0	0
IS	420	1342	1342	0	0
IS	421	1325	1325	0	0
IS	422	1295	1295	0	0
IS	423	1213	1213	0	0
IS	424	1283	1283	0	0
IS	425	1309	1309	0	0
IS	426	1373	1373	0	0
IS	427	1369	1369	0	0
IS	428	1316	1316	0	0
IS	429	1274	1274	0	0
IS	430	1280	1280	0	0
IS	431	1254	1254	0	0
IS	432	1232	1232	0	0
IS	433	1258	1258	0	0
IS	434	1273	1273	0	0
IS	435	1232	1232	0	0
IS	436	1241	1241	0	0
IS	437	1213	1213	0	0
IS	438	1242	1242	0	0
IS	439	1325	1325	0	0
IS	440	1169	1169	0	0
IS	441	1148	1148	0	0
IS	442	1156	1156	0	0
IS	443	1144	1144	0	0
IS	444	1197	1197	0	0
IS	445	1120	1120	0	0
IS	446	1210	1210	0	0
IS	447	1132	1132	0	0
IS	448	1148	1148	0	0
IS	449	1121	1121	0	0
IS	450	1141	1141	0	0
IS	451	1112	1112	0	0
IS	452	1102	1102	0	0
IS	453	1129	1129	0	0
IS	454	1041	1041	0	0
IS	455	1055	1055	0	0
IS	456	1133	1133	0	0
IS	457	1108	1108	0	0
IS	458	1083	1083	0	0
IS	459	1082	1082	0	0
IS	460	1080	1080	0	0
IS	461	1150	1150	0	0
IS	462	1089	1089	0	0
IS	463	1018	1018	0	0
IS	464	1038	1038	0	0
IS	465	1053	1053	0	0
IS	466	1012	1012	0	0
IS	467	969	969	0	0
IS	468	1082	1082	0	0
IS	469	956	956	0	0
IS	470	943	943	0	0
IS	471	1002	1002	0	0
IS	472	983	983	0	0
IS	473	980	980	0	0
IS	474	957	957	0	0
IS	475	1011	1011	0	0
IS	476	1014	1014	0	0
IS	477	1010	1010	0	0
IS	478	949	949	0	0
IS	479	914	914	0	0
IS	480	850	850	0	0
IS	481	947	947	0	0
IS	482	875	875	0	0
IS	483	912	912	0	0
IS	484	863	863	0	0
IS	485	898	898	0	0
IS	486	925	925	0	0
IS	487	913	913	0	0
IS	488	878	878	0	0
IS	489	899	899	0	0
IS	490	887	887	0	0
IS	491	889	889	0	0
IS	492	851	851	0	0
IS	493	847	847	0	0
IS	494	869	869	0	0
IS	495	833	833	0	0
IS	496	822	822	0	0
IS	497	860	860	0	0
IS	498	892	892	0	0
IS	499	853	853	0	0
IS	500	811	811	0	0
IS	501	846	846	0	0
IS	502	817	817	0	0
IS	503	865	865	0	0
IS	504	809	809	0	0
IS	505	808	808	0	0
IS	506	787	787	0	0
IS	507	803	803	0	0
IS	508	759	759	0	0
IS	509	736	736	0	0
IS	510	750	750	0	0
IS	511	756	756	0	0
IS	512	762	762	0	0
IS	513	765	765	0	0
IS	514	759	759	0	0
IS	515	767	767	0	0
IS	516	713	713	0	0
IS	517	735	735	0	0
IS	518	708	708	0	0
IS	519	789	789	0	0
IS	520	751	751	0	0
IS	521	722	722	0	0
IS	522	692	692	0	0
IS	523	695	695	0	0
IS	524	688	688	0	0
IS	525	688	688	0	0
IS	526	718	718	0	0
IS	527	693	693	0	0
IS	528	669	669	0	0
IS	529	754	754	0	0
IS	530	701	701	0	0
IS	531	659	659	0	0
IS	532	679	679	0	0
IS	533	651	651	0	0
IS	534	626	626	0	0
IS	535	638	638	0	0
IS	536	632	632	0	0
IS	537	651	651	0	0
IS	538	640	640	0	0
IS	539	658	658	0	0
IS	540	650	650	0	0
IS	541	661	661	0	0
IS	542	623	623	0	0
IS	543	585	585	0	0
IS	544	607	607	0	0
IS	545	646	646	0	0
IS	546	638	638	0	0
IS	547	606	606	0	0
IS	548	612	612	0	0
IS	549	593	593	0	0
IS	550	606	606	0	0
IS	551	530	530	0	0
IS	552	610	610	0	0
IS	553	574	574	0	0
IS	554	545	545	0	0
IS	555	553	553	0	0
IS	556	538	538	0	0
IS	557	597	597	0	0
IS	558	631	631	0	0
IS	559	563	563	0	0
IS	560	568	568	0	0
IS	561	541	541	0	0
IS	562	585	585	0	0
IS	563	542	542	0	0
IS	564	545	545	0	0
IS	565	509	509	0	0
IS	566	541	541	0	0
IS	567	531	531	0	0
IS	568	553	553	0	0
IS	569	537	537	0	0
IS	570	507	507	0	0
IS	571	507	507	0	0
IS	572	558	558	0	0
IS	573	544	544	0	0
IS	574	528	528	0	0
IS	575	536	536	0	0
IS	576	538	538	0	0
IS	577	497	497	0	0
IS	578	530	530	0	0
IS	579	467	467	0	0
IS	580	449	449	0	0
IS	581	479	479	0	0
IS	582	504	504	0	0
IS	583	490	490	0	0
IS	584	457	457	0	0
IS	585	468	468	0	0
IS	586	454	454	0	0
IS	587	424	424	0	0
IS	588	467	467	0	0
IS	589	466	466	0	0
IS	590	471	471	0	0
IS	591	447	447	0	0
IS	592	486	486	0	0
IS	593	466	466	0	0
IS	594	444	444	0	0
IS	595	458	458	0	0
IS	596	444	444	0	0
IS	597	456	456	0	0
IS	598	433	433	0	0
IS	599	450	450	0	0
IS	600	449	449	0	0
IS	601	449	449	0	0
IS	602	424	424	0	0
IS	603	419	419	0	0
IS	604	400	400	0	0
IS	605	421	421	0	0
IS	606	427	427	0	0
IS	607	372	372	0	0
IS	608	392	392	0	0
IS	609	432	432	0	0
IS	610	383	383	0	0
IS	611	404	404	0	0
IS	612	384	384	0	0
IS	613	398	398	0	0
IS	614	382	382	0	0
IS	615	392	392	0	0
IS	616	373	373	0	0
IS	617	402	402	0	0
IS	618	393	393	0	0
IS	619	378	378	0	0
IS	620	349	349	0	0
IS	621	362	362	0	0
IS	622	404	404	0	0
IS	623	368	368	0	0
IS	624	387	387	0	0
IS	625	342	342	0	0
IS	626	366	366	0	0
IS	627	345	345	0	0
IS	628	370	370	0	0
IS	629	346	346	0	0
IS	630	353	353	0	0
IS	631	334	334	0	0
IS	632	294	294	0	0
IS	633	357	357	0	0
IS	634	365	365	0	0
IS	635	342	342	0	0
IS	636	337	337	0	0
IS	637	320	320	0	0
IS	638	302	302	0	0
IS	639	352	352	0	0
IS	640	310	310	0	0
IS	641	315	315	0	0
IS	642	354	354	0	0
IS	643	315	315	0	0
IS	644	318	318	0	0
IS	645	357	357	0	0
IS	646	334	334	0	0
IS	647	321	321	0	0
IS	648	329	329	0	0
IS	649	300	300	0	0
IS	650	304	304	0	0
IS	651	289	289	0	0
IS	652	342	342	0	0
IS	653	313	313	0	0
IS	654	300	300	0	0
IS	655	287	287	0	0
IS	656	299	299	0	0
IS	657	295	295	0	0
IS	658	308	308	0	0
IS	659	323	323	0	0
IS	660	299	299	0	0
IS	661	283	283	0	0
IS	662	311	311	0	0
IS	663	304	304	0	0
IS	664	297	297	0	0
IS	665	243	243	0	0
IS	666	288	288	0	0
IS	667	267	267	0	0
IS	668	286	286	0	0
IS	669	282	282	0	0
IS	670	296	296	0	0
IS	671	267	267	0	0
IS	672	273	273	0	0
IS	673	258	258	0	0
IS	674	259	259	0	0
IS	675	249	249	0	0
IS	676	275	275	0	0
IS	677	278	278	0	0
IS	678	270	270	0	0
IS	679	269	269	0	0
IS	680	240	240	0	0
IS	681	239	239	0	0
IS	682	251	251	0	0
IS	683	226	226	0	0
IS	684	268	268	0	0
IS	685	259	259	0	0
IS	686	269	269	0	0
IS	687	248	248	0	0
IS	688	234	234	0	0
IS	689	226	226	0	0
IS	690	212	212	0	0
IS	691	243	243	0	0
IS	692	230	230	0	0
IS	693	286	286	0	0
IS	694	228	228	0	0
IS	695	238	238	0	0
IS	696	257	257	0	0
IS	697	222	222	0	0
IS	698	242	242	0	0
IS	699	242	242	0	0
IS	700	236	236	0	0
IS	701	226	226	0	0
IS	702	220	220	0	0
IS	703	221	221	0	0
IS	704	214	214	0	0
IS	705	234	234	0	0
IS	706	212	212	0	0
IS	707	225	225	0	0
IS	708	208	208	0	0
IS	709	224	224	0	0
IS	710	232	232	0	0
IS	711	220	220	0	0
IS	712	208	208	0	0
IS	713	207	207	0	0
IS	714	237	237	0	0
IS	715	193	193	0	0
IS	716	186	186	0	0
IS	717	185	185	0	0
IS	718	221	221	0	0
IS	719	178	178	0	0
IS	720	190	190	0	0
IS	721	192	192	0	0
IS	722	186	186	0	0
IS	723	183	183	0	0
IS	724	175	175	0	0
IS	725	211	211	0	0
IS	726	210	210	0	0
IS	727	204	204	0	0
IS	728	191	191	0	0
IS	729	195	195	0	0
IS	730	186	186	0	0
IS	731	159	159	0	0
IS	732	195	195	0	0
IS	733	180	180	0	0
IS	734	181	181	0	0
IS	735	164	164	0	0
IS	736	164	164	0	0
IS	737	161	161	0	0
IS	738	165	165	0	0
IS	739	178	178	0	0
IS	740	190	190	0	0
IS	741	172	172	0	0
IS	742	164	164	0	0
IS	743	177	177	0	0
IS	744	155	155	0	0
IS	745	151	151	0	0
IS	746	166	166	0	0
IS	747	156	156	0	0
IS	748	155	155	0	0
IS	749	159	159	0	0
IS	750	179	179	0	0
IS	751	158	158	0	0
IS	752	147	147	0	0
IS	753	165	165	0	0
IS	754	150	150	0	0
IS	755	175	175	0	0
IS	756	146	146	0	0
IS	757	140	140	0	0
IS	758	159	159	0	0
IS	759	155	155	0	0
IS	760	141	141	0	0
IS	761	154	154	0	0
IS	762	153	153	0	0
IS	763	151	151	0	0
IS	764	129	129	0	0
IS	765	117	117	0	0
IS	766	129	129	0	0
# Read lengths. Use `grep ^RL | cut -f 2-` to extract this part. The columns are: read length, count
RL	22	3
RL	23	3
RL	25	2
RL	26	3
RL	27	1
RL	28	3
RL	29	3
RL	30	1
RL	31	1
RL	34	1
RL	35	1
RL	36	3
RL	37	4
RL	38	3
RL	39	1
RL	41	4
RL	42	6
RL	43	4
RL	44	1
RL	45	5
RL	46	6
RL	47	2
RL	48	2
RL	49	4
RL	50	4
RL	51	1
RL	52	3
RL	53	2
RL	55	2
RL	56	2
RL	57	3
RL	58	1
RL	59	1
RL	60	1
RL	61	3
RL	62	2
RL	63	2
RL	64	1
RL	81	2780805
# Read lengths - first fragments. Use `grep ^FRL | cut -f 2-` to extract this part. The columns are: read length, count
FRL	22	2
FRL	23	1
FRL	26	3
FRL	28	2
FRL	29	1
FRL	31	1
FRL	34	1
FRL	36	1
FRL	37	2
FRL	38	3
FRL	41	3
FRL	42	4
FRL	43	1
FRL	45	2
FRL	46	4
FRL	47	1
FRL	48	1
FRL	49	1
FRL	50	3
FRL	52	3
FRL	53	1
FRL	55	1
FRL	57	3
FRL	59	1
FRL	60	1
FRL	61	1
FRL	62	1
FRL	63	1
FRL	64	1
FRL	81	1390468
# Read lengths - last fragments. Use `grep ^LRL | cut -f 2-` to extract this part. The columns are: read length, count
LRL	22	1
LRL	23	2
LRL	25	2
LRL	27	1
LRL	28	1
LRL	29	2
LRL	30	1
LRL	35	1
LRL	36	2
LRL	37	2
LRL	39	1
LRL	41	1
LRL	42	2
LRL	43	3
LRL	44	1
LRL	45	3
LRL	46	2
LRL	47	1
LRL	48	1
LRL	49	3
LRL	50	1
LRL	51	1
LRL	53	1
LRL	55	1
LRL	56	2
LRL	58	1
LRL	61	2
LRL	62	1
LRL	63	1
LRL	81	1390337
# Indel distribution. Use `grep ^ID | cut -f 2-` to extract this part. The columns are: length, number of insertions, number of deletions
ID	1	20044	31454
ID	2	4504	7336
ID	3	1971	3181
ID	4	1007	1551
ID	5	595	918
ID	6	618	916
ID	7	114	193
ID	8	167	181
ID	9	162	3596
ID	10	98	1748
ID	11	68	396
ID	12	122	272
ID	13	23	33
ID	14	21	66
ID	15	19	116
ID	16	12	2376
ID	17	0	19
ID	18	27	46
ID	19	1	24
ID	20	0	35
ID	21	10	29
ID	22	0	6
ID	23	5	3
ID	24	0	23
ID	25	0	1
ID	26	0	3
ID	28	0	2
ID	29	0	6
ID	30	0	1
# Indels per cycle. Use `grep ^IC | cut -f 2-` to extract this part. The columns are: cycle, number of insertions (fwd), .. (rev) , number of deletions (fwd), .. (rev)
IC	3	0	1	92	109
IC	4	79	75	113	113
IC	5	106	106	126	132
IC	6	116	109	141	139
IC	7	114	97	130	144
IC	8	143	162	181	158
IC	9	136	152	192	176
IC	10	169	128	216	216
IC	11	164	144	206	261
IC	12	176	142	366	373
IC	13	186	180	318	316
IC	14	169	203	277	279
IC	15	209	199	276	275
IC	16	186	211	286	279
IC	17	231	206	350	305
IC	18	233	225	462	490
IC	19	215	191	312	314
IC	20	244	218	385	353
IC	21	193	193	384	342
IC	22	224	240	366	325
IC	23	204	236	493	489
IC	24	216	230	356	357
IC	25	238	181	475	412
IC	26	219	260	411	409
IC	27	245	256	351	335
IC	28	209	202	398	363
IC	29	201	259	418	425
IC	30	234	209	404	427
IC	31	222	241	391	438
IC	32	190	206	401	417
IC	33	225	247	488	494
IC	34	234	211	402	401
IC	35	205	224	523	575
IC	36	215	255	477	477
IC	37	261	215	422	398
IC	38	209	236	476	419
IC	39	216	243	447	510
IC	40	252	229	682	724
IC	41	224	226	366	358
IC	42	253	224	506	486
IC	43	233	206	473	456
IC	44	267	239	517	509
IC	45	196	250	675	634
IC	46	208	266	653	655
IC	47	253	230	579	567
IC	48	260	250	464	417
IC	49	217	217	417	361
IC	50	261	237	351	391
IC	51	187	213	461	414
IC	52	244	239	424	332
IC	53	262	233	433	392
IC	54	216	211	338	324
IC	55	196	224	370	352
IC	56	207	206	430	443
IC	57	211	197	329	353
IC	58	238	205	410	392
IC	59	202	200	420	398
IC	60	219	231	350	400
IC	61	238	238	634	571
IC	62	220	229	373	339
IC	63	230	207	408	431
IC	64	210	210	363	345
IC	65	158	160	335	304
IC	66	194	161	323	375
IC	67	202	193	323	281
IC	68	193	168	220	261
IC	69	159	159	252	249
IC	70	150	137	219	237
IC	71	139	131	363	323
IC	72	109	156	207	224
IC	73	134	113	293	309
IC	74	97	116	219	211
IC	75	92	104	161	158
IC	76	95	117	157	164
IC	77	120	155	191	194
IC	78	197	229	276	275
# Coverage distribution. Use `grep ^COV | cut -f 2-` to extract this part.
COV	[1-1]	1	33735
COV	[2-2]	2	23839
COV	[3-3]	3	19682
COV	[4-4]	4	22801
COV	[5-5]	5	31256
COV	[6-6]	6	50060
COV	[7-7]	7	77604
COV	[8-8]	8	120468
COV	[9-9]	9	176471
COV	[10-10]	10	247132
COV	[11-11]	11	330528
COV	[12-12]	12	415666
COV	[13-13]	13	512296
COV	[14-14]	14	593943
COV	[15-15]	15	665265
COV	[16-16]	16	719863
COV	[17-17]	17	752612
COV	[18-18]	18	764123
COV	[19-19]	19	754216
COV	[20-20]	20	722678
COV	[21-21]	21	671678
COV	[22-22]	22	609812
COV	[23-23]	23	542618
COV	[24-24]	24	473660
COV	[25-25]	25	404654
COV	[26-26]	26	341602
COV	[27-27]	27	280933
COV	[28-28]	28	227822
COV	[29-29]	29	184265
COV	[30-30]	30	143557
COV	[31-31]	31	113394
COV	[32-32]	32	87547
COV	[33-33]	33	66511
COV	[34-34]	34	51527
COV	[35-35]	35	38264
COV	[36-36]	36	28627
COV	[37-37]	37	21771
COV	[38-38]	38	15661
COV	[39-39]	39	11364
COV	[40-40]	40	8707
COV	[41-41]	41	6764
COV	[42-42]	42	5063
COV	[43-43]	43	4093
COV	[44-44]	44	3373
COV	[45-45]	45	2801
COV	[46-46]	46	2188
COV	[47-47]	47	1855
COV	[48-48]	48	1672
COV	[49-49]	49	1620
COV	[50-50]	50	1451
COV	[51-51]	51	1341
COV	[52-52]	52	1134
COV	[53-53]	53	1127
COV	[54-54]	54	1094
COV	[55-55]	55	1032
COV	[56-56]	56	989
COV	[57-57]	57	909
COV	[58-58]	58	740
COV	[59-59]	59	742
COV	[60-60]	60	752
COV	[61-61]	61	691
COV	[62-62]	62	651
COV	[63-63]	63	582
COV	[64-64]	64	630
COV	[65-65]	65	576
COV	[66-66]	66	600
COV	[67-67]	67	589
COV	[68-68]	68	555
COV	[69-69]	69	554
COV	[70-70]	70	516
COV	[71-71]	71	537
COV	[72-72]	72	512
COV	[73-73]	73	530
COV	[74-74]	74	514
COV	[75-75]	75	475
COV	[76-76]	76	451
COV	[77-77]	77	413
COV	[78-78]	78	426
COV	[79-79]	79	389
COV	[80-80]	80	366
COV	[81-81]	81	365
COV	[82-82]	82	385
COV	[83-83]	83	436
COV	[84-84]	84	358
COV	[85-85]	85	301
COV	[86-86]	86	305
COV	[87-87]	87	299
COV	[88-88]	88	289
COV	[89-89]	89	296
COV	[90-90]	90	245
COV	[91-91]	91	295
COV	[92-92]	92	295
COV	[93-93]	93	262
COV	[94-94]	94	282
COV	[95-95]	95	234
COV	[96-96]	96	200
COV	[97-97]	97	217
COV	[98-98]	98	193
COV	[99-99]	99	184
COV	[100-100]	100	182
COV	[101-101]	101	189
COV	[102-102]	102	170
COV	[103-103]	103	194
COV	[104-104]	104	199
COV	[105-105]	105	222
COV	[106-106]	106	156
COV	[107-107]	107	150
COV	[108-108]	108	134
COV	[109-109]	109	143
COV	[110-110]	110	157
COV	[111-111]	111	138
COV	[112-112]	112	144
COV	[113-113]	113	98
COV	[114-114]	114	127
COV	[115-115]	115	129
COV	[116-116]	116	95
COV	[117-117]	117	116
COV	[118-118]	118	104
COV	[119-119]	119	120
COV	[120-120]	120	145
COV	[121-121]	121	92
COV	[122-122]	122	94
COV	[123-123]	123	112
COV	[124-124]	124	110
COV	[125-125]	125	70
COV	[126-126]	126	100
COV	[127-127]	127	115
COV	[128-128]	128	105
COV	[129-129]	129	108
COV	[130-130]	130	84
COV	[131-131]	131	86
COV	[132-132]	132	77
COV	[133-133]	133	87
COV	[134-134]	134	100
COV	[135-135]	135	81
COV	[136-136]	136	75
COV	[137-137]	137	74
COV	[138-138]	138	100
COV	[139-139]	139	81
COV	[140-140]	140	95
COV	[141-141]	141	83
COV	[142-142]	142	101
COV	[143-143]	143	104
COV	[144-144]	144	107
COV	[145-145]	145	118
COV	[146-146]	146	93
COV	[147-147]	147	71
COV	[148-148]	148	92
COV	[149-149]	149	83
COV	[150-150]	150	79
COV	[151-151]	151	75
COV	[152-152]	152	79
COV	[153-153]	153	78
COV	[154-154]	154	76
COV	[155-155]	155	92
COV	[156-156]	156	84
COV	[157-157]	157	82
COV	[158-158]	158	81
COV	[159-159]	159	96
COV	[160-160]	160	76
COV	[161-161]	161	64
COV	[162-162]	162	93
COV	[163-163]	163	95
COV	[164-164]	164	91
COV	[165-165]	165	79
COV	[166-166]	166	68
COV	[167-167]	167	71
COV	[168-168]	168	69
COV	[169-169]	169	62
COV	[170-170]	170	69
COV	[171-171]	171	59
COV	[172-172]	172	69
COV	[173-173]	173	53
COV	[174-174]	174	65
COV	[175-175]	175	75
COV	[176-176]	176	79
COV	[177-177]	177	93
COV	[178-178]	178	90
COV	[179-179]	179	99
COV	[180-180]	180	69
COV	[181-181]	181	93
COV	[182-182]	182	67
COV	[183-183]	183	70
COV	[184-184]	184	70
COV	[185-185]	185	73
COV	[186-186]	186	75
COV	[187-187]	187	77
COV	[188-188]	188	72
COV	[189-189]	189	71
COV	[190-190]	190	50
COV	[191-191]	191	64
COV	[192-192]	192	61
COV	[193-193]	193	66
COV	[194-194]	194	68
COV	[195-195]	195	62
COV	[196-196]	196	71
COV	[197-197]	197	68
COV	[198-198]	198	49
COV	[199-199]	199	56
COV	[200-200]	200	55
COV	[201-201]	201	49
COV	[202-202]	202	46
COV	[203-203]	203	51
COV	[204-204]	204	60
COV	[205-205]	205	51
COV	[206-206]	206	43
COV	[207-207]	207	48
COV	[208-208]	208	51
COV	[209-209]	209	57
COV	[210-210]	210	55
COV	[211-211]	211	54
COV	[212-212]	212	54
COV	[213-213]	213	49
COV	[214-214]	214	52
COV	[215-215]	215	54
COV	[216-216]	216	47
COV	[217-217]	217	33
COV	[218-218]	218	34
COV	[219-219]	219	35
COV	[220-220]	220	41
COV	[221-221]	221	45
COV	[222-222]	222	44
COV	[223-223]	223	51
COV	[224-224]	224	41
COV	[225-225]	225	32
COV	[226-226]	226	40
COV	[227-227]	227	39
COV	[228-228]	228	40
COV	[229-229]	229	38
COV	[230-230]	230	29
COV	[231-231]	231	53
COV	[232-232]	232	55
COV	[233-233]	233	47
COV	[234-234]	234	48
COV	[235-235]	235	40
COV	[236-236]	236	36
COV	[237-237]	237	36
COV	[238-238]	238	31
COV	[239-239]	239	29
COV	[240-240]	240	26
COV	[241-241]	241	34
COV	[242-242]	242	35
COV	[243-243]	243	23
COV	[244-244]	244	34
COV	[245-245]	245	26
COV	[246-246]	246	35
COV	[247-247]	247	29
COV	[248-248]	248	24
COV	[249-249]	249	29
COV	[250-250]	250	37
COV	[251-251]	251	22
COV	[252-252]	252	20
COV	[253-253]	253	18
COV	[254-254]	254	29
COV	[255-255]	255	31
COV	[256-256]	256	34
COV	[257-257]	257	28
COV	[258-258]	258	29
COV	[259-259]	259	35
COV	[260-260]	260	23
COV	[261-261]	261	27
COV	[262-262]	262	21
COV	[263-263]	263	27
COV	[264-264]	264	18
COV	[265-265]	265	24
COV	[266-266]	266	22
COV	[267-267]	267	22
COV	[268-268]	268	16
COV	[269-269]	269	14
COV	[270-270]	270	13
COV	[271-271]	271	15
COV	[272-272]	272	13
COV	[273-273]	273	13
COV	[274-274]	274	8
COV	[275-275]	275	2
COV	[276-276]	276	7
COV	[277-277]	277	14
COV	[278-278]	278	19
COV	[279-279]	279	7
COV	[280-280]	280	15
COV	[281-281]	281	13
COV	[282-282]	282	9
COV	[283-283]	283	9
COV	[284-284]	284	14
COV	[285-285]	285	15
COV	[286-286]	286	8
COV	[287-287]	287	18
COV	[288-288]	288	14
COV	[289-289]	289	22
COV	[290-290]	290	10
COV	[291-291]	291	9
COV	[292-292]	292	17
COV	[293-293]	293	7
COV	[294-294]	294	16
COV	[295-295]	295	11
COV	[296-296]	296	9
COV	[297-297]	297	8
COV	[298-298]	298	7
COV	[299-299]	299	7
COV	[300-300]	300	3
COV	[301-301]	301	1
COV	[302-302]	302	4
COV	[303-303]	303	4
COV	[304-304]	304	8
COV	[305-305]	305	4
COV	[306-306]	306	11
COV	[307-307]	307	9
COV	[308-308]	308	8
COV	[309-309]	309	7
COV	[310-310]	310	9
COV	[311-311]	311	16
COV	[312-312]	312	9
COV	[313-313]	313	7
COV	[314-314]	314	8
COV	[315-315]	315	4
COV	[316-316]	316	7
COV	[317-317]	317	4
COV	[318-318]	318	6
COV	[319-319]	319	5
COV	[320-320]	320	11
COV	[321-321]	321	3
COV	[322-322]	322	3
COV	[323-323]	323	2
COV	[324-324]	324	7
COV	[325-325]	325	3
COV	[326-326]	326	6
COV	[327-327]	327	6
COV	[328-328]	328	4
COV	[329-329]	329	3
COV	[330-330]	330	2
COV	[331-331]	331	2
COV	[332-332]	332	3
COV	[333-333]	333	3
COV	[334-334]	334	1
COV	[335-335]	335	1
COV	[336-336]	336	1
COV	[337-337]	337	3
COV	[338-338]	338	3
COV	[339-339]	339	1
COV	[340-340]	340	7
COV	[341-341]	341	2
COV	[342-342]	342	1
COV	[343-343]	343	1
COV	[345-345]	345	3
COV	[346-346]	346	3
COV	[348-348]	348	3
COV	[349-349]	349	3
COV	[350-350]	350	4
COV	[353-353]	353	1
COV	[356-356]	356	1
COV	[357-357]	357	2
COV	[359-359]	359	4
COV	[362-362]	362	4
COV	[363-363]	363	4
COV	[364-364]	364	1
COV	[365-365]	365	2
COV	[366-366]	366	4
COV	[367-367]	367	2
COV	[368-368]	368	2
COV	[369-369]	369	1
COV	[370-370]	370	2
COV	[371-371]	371	7
COV	[372-372]	372	3
COV	[373-373]	373	7
COV	[374-374]	374	5
COV	[375-375]	375	3
COV	[376-376]	376	4
COV	[378-378]	378	2
COV	[379-379]	379	1
COV	[382-382]	382	1
COV	[385-385]	385	2
COV	[387-387]	387	3
COV	[388-388]	388	1
COV	[389-389]	389	2
COV	[390-390]	390	3
COV	[391-391]	391	1
COV	[395-395]	395	2
COV	[396-396]	396	2
COV	[397-397]	397	3
COV	[398-398]	398	3
COV	[400-400]	400	1
COV	[401-401]	401	1
COV	[402-402]	402	2
COV	[403-403]	403	1
COV	[406-406]	406	2
COV	[410-410]	410	1
COV	[411-411]	411	3
COV	[412-412]	412	2
COV	[413-413]	413	1
COV	[414-414]	414	1
COV	[418-418]	418	2
COV	[419-419]	419	3
COV	[420-420]	420	1
COV	[422-422]	422	1
COV	[423-423]	423	4
COV	[424-424]	424	3
COV	[430-430]	430	2
COV	[432-432]	432	4
COV	[433-433]	433	1
COV	[438-438]	438	3
COV	[439-439]	439	1
COV	[440-440]	440	1
COV	[444-444]	444	2
COV	[446-446]	446	1
COV	[447-447]	447	1
COV	[467-467]	467	1
COV	[477-477]	477	1
COV	[479-479]	479	1
COV	[500-500]	500	1
COV	[501-501]	501	1
COV	[506-506]	506	2
COV	[513-513]	513	1
COV	[538-538]	538	2
COV	[541-541]	541	1
COV	[546-546]	546	1
COV	[547-547]	547	1
COV	[551-551]	551	1
COV	[553-553]	553	1
COV	[557-557]	557	1
COV	[558-558]	558	1
COV	[561-561]	561	1
COV	[571-571]	571	2
COV	[572-572]	572	2
COV	[573-573]	573	1
COV	[576-576]	576	1
COV	[598-598]	598	1
COV	[601-601]	601	1
COV	[605-605]	605	1
COV	[610-610]	610	1
COV	[611-611]	611	1
COV	[614-614]	614	1
COV	[617-617]	617	1
COV	[622-622]	622	1
COV	[623-623]	623	2
COV	[625-625]	625	2
COV	[628-628]	628	2
COV	[631-631]	631	1
COV	[635-635]	635	2
COV	[636-636]	636	1
COV	[640-640]	640	1
COV	[643-643]	643	1
COV	[649-649]	649	1
COV	[650-650]	650	3
COV	[654-654]	654	4
COV	[655-655]	655	1
COV	[656-656]	656	3
COV	[659-659]	659	1
COV	[678-678]	678	1
COV	[683-683]	683	1
COV	[687-687]	687	1
COV	[689-689]	689	1
COV	[693-693]	693	1
COV	[694-694]	694	1
COV	[700-700]	700	1
COV	[706-706]	706	1
COV	[709-709]	709	1
COV	[710-710]	710	1
COV	[712-712]	712	2
COV	[727-727]	727	1
COV	[730-730]	730	1
COV	[734-734]	734	2
COV	[735-735]	735	1
COV	[736-736]	736	1
COV	[737-737]	737	2
COV	[738-738]	738	2
COV	[739-739]	739	2
COV	[746-746]	746	1
COV	[748-748]	748	1
COV	[750-750]	750	1
COV	[751-751]	751	2
COV	[756-756]	756	1
COV	[759-759]	759	2
COV	[775-775]	775	1
COV	[781-781]	781	1
COV	[790-790]	790	1
COV	[793-793]	793	1
COV	[800-800]	800	1
COV	[804-804]	804	1
COV	[824-824]	824	2
COV	[837-837]	837	3
COV	[839-839]	839	1
COV	[840-840]	840	1
COV	[850-850]	850	1
COV	[854-854]	854	1
COV	[868-868]	868	1
COV	[878-878]	878	1
COV	[879-879]	879	2
COV	[881-881]	881	2
COV	[882-882]	882	1
COV	[910-910]	910	1
COV	[915-915]	915	1
COV	[923-923]	923	1
COV	[973-973]	973	1
COV	[977-977]	977	1
COV	[985-985]	985	2
COV	[987-987]	987	1
COV	[1000-1000]	1000	1
COV	[1000<]	1000	1077
# GC-depth. Use `grep ^GCD | cut -f 2-` to extract this part. The columns are: GC%, unique sequence percentiles, 10th, 25th, 50th, 75th and 90th depth percentile
GCD	0.0	0.326	0.000	0.000	0.000	0.000	0.000
GCD	20.0	0.489	55.524	55.524	55.524	55.524	55.524
GCD	22.0	0.653	36.780	36.780	36.780	36.780	36.780
GCD	23.0	0.979	38.884	38.884	47.462	56.040	56.040
GCD	34.0	1.142	16.400	16.400	16.400	16.400	16.400
GCD	35.0	2.447	4.612	8.084	11.888	14.605	17.204
GCD	36.0	6.852	4.505	13.156	17.704	18.560	19.042
GCD	37.0	30.179	14.487	17.632	18.120	18.616	19.097
GCD	38.0	62.480	17.590	18.271	18.826	19.235	19.548
GCD	39.0	84.992	14.011	18.521	19.220	19.683	19.936
GCD	40.0	94.943	17.841	19.262	19.664	19.976	20.501
GCD	41.0	97.553	1.868	19.218	19.882	20.607	20.934
GCD	42.0	98.532	20.392	20.413	20.524	20.813	20.960
GCD	43.0	98.858	2.272	2.272	5.382	8.492	8.492
GCD	44.0	99.347	0.076	0.076	0.152	14.048	14.048
GCD	45.0	99.674	0.032	0.032	0.074	0.116	0.116
GCD	46.0	99.837	0.056	0.056	0.056	0.056	0.056
GCD	55.0	100.000	0.152	0.152	0.152	0.152	0.152
