# This file was produced by samtools stats (1.13+htslib-1.13+ds) and can be plotted using plot-bamstats
# This file contains statistics for all reads.
# The command line was:  stats sorted_basic.bam
# CHK, Checksum	[2]Read Names	[3]Sequences	[4]Qualities
# CHK, CRC32 of reads which passed filtering followed by addition (32bit overflow)
CHK	682b4415	c9caa290	73c9c3ea
# Summary Numbers. Use `grep ^SN | cut -f 2-` to extract this part.
SN	raw total sequences:	3286652	# excluding supplementary and secondary reads
SN	filtered sequences:	0
SN	sequences:	3286652
SN	is sorted:	1
SN	1st fragments:	1643326
SN	last fragments:	1643326
SN	reads mapped:	3256814
SN	reads mapped and paired:	3246916	# paired-end technology bit set + both mates mapped
SN	reads unmapped:	29838
SN	reads properly paired:	3220612	# proper-pair bit set
SN	reads paired:	3286652	# paired-end technology bit set
SN	reads duplicated:	0	# PCR or optical duplicate bit set
SN	reads MQ0:	426969	# mapped and MQ=0
SN	reads QC failed:	0
SN	non-primary alignments:	0
SN	supplementary alignments:	3378
SN	total length:	266204729	# ignores clipping
SN	total first fragment length:	133098964	# ignores clipping
SN	total last fragment length:	133105765	# ignores clipping
SN	bases mapped:	263790963	# ignores clipping
SN	bases mapped (cigar):	262324646	# more accurate
SN	bases trimmed:	0
SN	bases duplicated:	0
SN	mismatches:	1506951	# from NM fields
SN	error rate:	5.744603e-03	# mismatches / bases mapped (cigar)
SN	average length:	80
SN	average first fragment length:	81
SN	average last fragment length:	81
SN	maximum length:	81
SN	maximum first fragment length:	81
SN	maximum last fragment length:	81
SN	average quality:	36.9
SN	insert size average:	251.1
SN	insert size standard deviation:	150.8
SN	inward oriented pairs:	1498270
SN	outward oriented pairs:	119081
SN	pairs with other orientation:	830
SN	pairs on different chromosomes:	5277
SN	percentage of properly paired reads (%):	98.0
# First Fragment Qualities. Use `grep ^FFQ | cut -f 2-` to extract this part.
# Columns correspond to qualities and rows to cycles. First column is the cycle number.
FFQ	1	0	0	27	0	0	0	3	8	267	44	951	371	6	3	4	48	464	262	2180	798	10	149	90	541	1115	2807	1010	6025	345	2339	4817	6333	9653	8652	16870	10146	26676	28588	71638	88454	259087	1092545	0
FFQ	2	0	0	46	0	0	1	6	6	230	57	860	290	5	4	5	69	460	303	1792	719	8	143	111	585	1284	2777	1104	5884	316	2244	4977	6412	9445	8950	16983	10440	27325	29140	73515	90817	263341	1082671	0
FFQ	3	0	0	65	0	0	2	4	7	282	73	905	274	2	5	6	95	554	355	1612	721	11	182	100	593	1404	2579	1151	5651	380	2336	5274	6488	8991	9008	16769	10854	27473	29330	75538	94806	269395	1070050	0
FFQ	4	0	0	108	0	0	3	10	5	406	179	1162	355	10	6	13	111	653	526	1742	808	10	222	126	637	1563	2635	1146	5936	370	2421	5497	6698	9280	9275	17034	11261	27881	29378	79862	88784	256685	1080527	0
FFQ	5	0	0	239	0	0	5	18	17	355	152	863	232	8	13	12	170	695	576	1565	789	18	215	118	709	1827	2658	1171	6093	422	2527	6194	6692	9136	9406	17426	12049	28702	30531	82320	90725	263365	1065312	0
FFQ	6	0	0	340	0	0	7	15	29	500	330	1087	294	9	10	13	175	706	592	1253	817	19	238	123	766	2076	2546	1204	5694	436	2543	6567	6795	8929	9643	17844	12679	28840	31218	84155	91778	273494	1049561	0
FFQ	7	0	0	436	0	0	4	28	39	617	474	1329	281	14	20	25	240	878	758	1193	863	25	267	132	846	2343	2470	1193	5498	444	2610	6984	6883	8702	9939	17598	13176	29360	31189	87228	91126	282245	1035868	0
FFQ	8	0	0	529	0	0	4	36	45	644	583	1264	233	17	13	24	279	1054	839	1040	918	27	305	151	966	2610	2549	1311	5679	513	2640	7578	7084	8579	10441	17715	14449	29634	31618	90311	89541	293275	1018827	0
FFQ	9	0	0	623	0	0	7	39	60	825	731	1290	156	21	37	35	370	1183	876	950	848	24	324	179	947	2891	2549	1304	5247	558	2738	8213	7134	8046	10577	18124	15097	29613	32264	93397	88981	302147	1004920	0
FFQ	10	0	0	711	0	0	5	51	77	866	929	1041	96	27	42	40	406	1353	916	887	923	43	361	194	973	3234	2693	1398	5256	592	2816	8936	7398	7706	11136	18151	16431	30081	32488	97453	89045	311443	987127	0
FFQ	11	0	0	877	0	0	8	46	84	1014	1110	1071	71	28	49	56	509	1468	888	780	980	46	381	231	1051	3376	2967	1460	5155	679	2803	9596	7513	7575	11428	18713	17362	30446	33597	101742	88887	319440	969838	0
FFQ	12	0	0	944	0	0	9	58	103	941	1206	711	34	44	64	44	667	1527	694	758	1013	64	414	262	1140	3565	2967	1566	4815	746	3009	10537	7777	7253	12181	18798	19356	30840	34216	106573	88140	327466	952823	0
FFQ	13	0	0	1149	0	0	14	67	120	1015	1392	536	30	41	83	68	714	1571	483	798	980	64	511	263	1169	3641	3194	1598	4556	745	2935	11047	8113	6604	12564	18649	20794	30983	35135	111906	87324	334856	937613	0
FFQ	14	0	0	1198	0	0	24	82	150	1203	1828	518	23	51	88	97	875	1831	438	802	1046	89	582	334	1206	3923	3548	1741	4426	804	3081	11899	8170	6422	13308	18575	22668	30967	36456	116034	87028	342093	919716	0
FFQ	15	0	0	1305	0	0	18	79	184	1142	1770	284	22	47	104	108	1037	1743	300	765	1021	91	581	350	1185	3873	3821	1777	4497	905	3349	12311	8478	6238	14130	18876	24583	30443	37310	120137	87048	349255	904157	0
FFQ	16	0	0	1495	0	0	18	102	217	1257	1994	184	30	73	114	137	1082	1564	193	894	1115	96	666	396	1327	4092	3719	1820	4196	1017	3415	13018	9090	6273	15038	18650	26326	30272	38480	124797	86759	355368	888040	0
FFQ	17	0	0	1684	0	0	24	119	283	1235	2011	102	26	76	158	148	1154	1480	190	877	1077	138	737	478	1355	4132	3619	1971	4362	1165	3607	13036	9225	6301	15990	18372	28083	30386	39835	129184	87576	362272	870856	0
FFQ	18	0	0	1792	0	0	31	136	320	1230	2130	83	30	91	174	143	1351	1335	156	922	1135	146	814	518	1397	4231	3428	2116	4432	1234	3733	13202	9620	6518	16712	18797	29862	30242	40791	133345	88193	369394	853538	0
FFQ	19	0	0	1995	0	0	30	140	335	1353	2243	58	42	107	208	187	1431	1259	164	934	1202	205	822	580	1558	4419	3452	2227	4421	1424	3945	13274	9796	6638	17949	18253	31175	30139	42076	130967	94165	376334	837814	0
FFQ	20	0	0	2279	0	0	43	167	398	1387	2310	37	42	131	231	227	1656	1245	165	928	1329	217	891	636	1635	4417	3419	2420	4608	1688	3974	13434	10264	6714	19096	18934	33062	30807	43974	135026	94753	381235	819539	0
FFQ	21	0	0	2475	0	0	40	184	453	1252	2253	40	45	138	268	266	1678	1022	195	997	1346	269	930	761	1771	4642	3377	2607	4633	1889	4182	13539	10684	7009	20007	18735	34715	31355	45229	140120	97048	388745	798417	0
FFQ	22	0	0	2642	0	0	48	226	624	1363	2401	27	52	201	332	295	1750	933	184	1020	1351	305	1030	802	1948	4939	2998	2845	4820	2178	4316	13584	11175	7534	21374	18963	36430	32823	47127	145455	99491	392434	777296	0
FFQ	23	0	0	2919	0	0	29	191	477	1073	1735	35	58	198	319	328	1769	790	165	772	1040	378	902	806	1941	4291	2865	2716	3845	2173	3314	13311	9857	6572	20198	15678	35506	25795	45799	118085	109181	339324	868877	0
FFQ	24	0	0	4589	0	0	44	253	560	1151	1841	41	67	264	388	406	1924	634	224	857	1115	477	960	1003	2210	4546	2786	3126	4000	2626	3412	13751	10642	7047	21912	16419	37794	27308	48168	122109	114270	336845	847541	0
FFQ	25	0	0	5388	0	0	41	325	763	1564	2469	40	90	306	527	499	2367	618	227	1005	1334	736	993	1256	2606	5123	2937	3427	4198	3560	3664	15507	11674	7693	24599	18032	41318	29199	56014	134662	131217	351107	776224	0
FFQ	26	0	0	4926	0	0	44	251	671	1159	1744	47	89	515	560	513	2853	534	264	895	1162	596	972	1076	2485	4602	2265	3491	4042	3434	3720	12708	10935	7708	22356	17408	38470	28987	51783	123955	122912	359179	803991	0
FFQ	27	0	0	5245	0	0	51	287	793	1192	1710	65	96	445	557	482	2303	369	309	916	1175	613	885	1111	2577	4343	1800	3614	3883	3534	3952	11863	11056	7869	21756	17742	38253	30354	50639	119133	111013	344293	837018	0
FFQ	28	0	0	4705	0	0	42	242	661	1001	1387	59	131	541	592	476	2193	286	256	801	932	739	879	1285	2793	4028	1695	3404	3477	3760	3579	11058	10598	7323	20906	16539	38666	28649	51829	104225	114021	310106	889428	0
FFQ	29	0	0	5146	0	0	62	239	714	985	1258	56	97	333	588	486	1405	225	265	787	983	766	831	1387	2624	3828	1377	3486	3482	4065	3678	9958	10587	7572	20096	17104	38742	31009	51718	89839	120449	296747	910315	0
FFQ	30	0	0	5281	0	0	45	283	824	1070	1250	40	117	390	629	534	1387	201	264	820	1045	700	803	1230	2628	3683	1126	3687	3368	4298	3765	9286	10730	7766	19109	18023	40110	32847	54281	87473	120430	290360	913403	0
FFQ	31	0	0	5626	0	0	65	299	850	1041	1108	63	126	499	701	548	1233	185	277	831	1014	793	850	1474	2848	3697	977	4072	3582	4643	3945	8864	10884	8270	18996	19123	42001	34893	56626	86610	122606	286546	906516	0
FFQ	32	0	0	5739	0	0	61	262	839	1164	1096	61	124	462	792	573	1084	202	294	961	1073	860	866	1508	2913	3572	891	4246	3559	5150	4113	8592	11425	8633	18958	20760	44922	36989	59594	87161	126754	282175	894852	0
FFQ	33	0	0	6115	0	0	42	324	872	1106	1000	68	95	359	759	596	915	195	270	940	1057	885	830	1647	2912	3345	852	4359	3397	5274	4259	7839	11263	8974	18402	21290	48454	39583	63562	82761	132682	274769	891225	0
FFQ	34	0	0	6308	0	0	57	330	878	1258	857	59	132	409	835	630	805	184	264	903	1081	938	861	1676	3020	3205	748	4532	3428	5711	4411	7519	11870	9269	18311	22702	52509	42007	67966	82495	138548	268322	878238	0
FFQ	35	0	0	6638	0	0	74	336	940	1311	801	55	136	390	884	638	643	187	293	973	1076	1005	868	1934	3087	2044	1768	4903	3169	6363	4570	6996	12457	9898	18444	24181	57691	45239	71155	84508	145600	261964	860053	0
FFQ	36	0	0	7210	0	0	74	389	930	1331	678	88	140	343	945	651	538	169	348	1081	1050	1049	926	2076	3218	1913	1804	5126	3288	6957	4876	6785	13065	10200	18153	25913	62383	48992	78599	84422	152978	257532	837047	0
FFQ	37	0	0	7355	0	0	56	391	994	1543	666	129	185	530	1051	666	512	192	341	1138	1125	1117	959	2167	3253	1831	1852	5492	3131	7252	5161	6869	13422	10836	18352	27765	68507	53445	85626	84310	160757	252412	811867	0
FFQ	38	0	0	7722	0	0	83	414	1044	1616	562	91	186	440	1180	724	443	199	360	1235	1057	1320	979	2338	3302	1688	1902	5996	3170	7752	5391	6754	13964	11529	18630	29327	75066	58346	94172	83566	169537	246357	784807	0
FFQ	39	0	0	8083	0	0	68	453	1128	1665	423	102	212	410	1206	631	388	199	382	1271	1088	1304	952	2625	3118	1487	1894	6496	3081	8156	5840	6788	14883	12101	18922	31943	83400	63618	102197	83207	177358	240955	755205	0
FFQ	40	0	0	8418	0	0	85	445	1259	1875	445	129	240	435	1337	674	339	238	396	1407	1092	1417	1042	2799	3150	1406	1978	6932	3061	8470	6248	6836	15194	13124	18947	34205	92908	70667	109443	82411	188255	234063	721867	0
FFQ	41	0	0	8847	0	0	85	398	1183	1783	288	105	240	420	1378	687	318	202	320	1505	1088	1469	1069	2891	3171	1374	2098	7370	2901	8821	6718	7031	15803	13488	19041	36989	102761	77469	117735	81317	200629	225910	688331	0
FFQ	42	0	0	9169	0	0	89	399	1202	1828	248	130	279	449	1339	577	268	196	412	1553	1073	1535	1127	3226	2955	1325	2061	7730	2893	9070	7042	7312	16559	14327	19591	39395	115038	84858	126769	79679	212409	216780	652332	0
FFQ	43	0	0	9622	0	0	107	405	1274	1929	192	110	289	415	1326	532	214	198	366	1618	1013	1575	1153	3196	2846	1237	2209	8095	2818	9374	7606	7538	16951	15259	20300	42361	127279	93710	135777	77707	221340	208404	616873	0
FFQ	44	0	0	10094	0	0	106	448	1299	1916	143	138	296	409	1362	516	212	201	408	1784	1016	1704	1187	3511	2712	1227	2333	8569	2771	9452	8059	8029	17446	15723	20974	44577	142027	101471	147950	75828	229665	197982	579667	0
FFQ	45	0	0	10409	0	0	126	486	1400	2009	110	163	364	431	1386	521	189	217	404	1560	1226	1695	1213	3474	2862	1197	2451	8930	2554	9319	8859	8437	18280	16697	22250	47982	157065	110167	159858	74162	237730	187193	539828	0
FFQ	46	0	0	11131	0	0	130	436	1393	1909	73	186	394	389	1455	463	177	217	448	1751	1288	1976	1254	3522	2657	1360	2584	9326	2454	9247	9496	8843	19303	17006	22946	50985	176309	117597	172629	71788	245294	176447	498328	0
FFQ	47	0	0	11492	0	0	122	402	1573	1841	68	203	450	452	1436	462	202	245	412	1767	1225	1979	1262	3625	2487	1458	2718	10105	2468	9048	9862	9493	19524	18096	24025	54654	194684	127923	184653	68477	252582	163448	458258	0
FFQ	48	0	0	11920	0	0	134	448	1668	1871	37	196	437	401	1389	475	194	225	528	1905	1199	2147	1385	3709	2493	1432	2923	10300	2493	9001	10759	9901	19972	19131	25574	58348	217186	136861	195173	65116	257353	151887	417001	0
FFQ	49	0	0	12626	0	0	146	454	1819	1939	32	212	393	429	1428	380	210	251	491	1991	1127	2186	1439	3783	2411	1439	3029	10763	2497	8826	11313	11053	20377	19939	27174	62313	238420	147021	207830	61951	260754	138318	376402	0
FFQ	50	0	0	13178	0	0	141	446	1771	1861	14	240	529	397	1416	409	226	260	531	2106	1143	2427	1501	3711	2114	1899	3325	11354	2634	8737	11936	11703	21084	20848	28875	67693	260990	159091	217317	58480	263097	125804	333868	0
FFQ	51	0	0	13613	0	0	140	433	2013	1837	14	272	549	371	1472	445	202	263	542	2241	1099	2497	1563	3677	1957	2061	3428	11515	2690	8533	13000	12242	21952	21776	30816	72091	285605	170749	226999	55345	262125	112897	294124	0
FFQ	52	0	0	14327	0	0	154	407	2076	1732	10	272	491	320	1373	392	237	246	548	2306	1117	2693	1650	3546	2181	2201	3553	12068	2958	8157	13743	12883	22272	22965	32596	77523	311761	180810	234692	51379	261083	100645	255774	0
FFQ	53	0	0	14776	0	0	186	422	2116	1652	9	298	605	404	1334	336	246	280	546	2509	1076	2738	1686	3372	1939	2310	3786	12381	2945	8008	14709	13321	22910	23844	34764	82106	341295	193219	240964	46932	254494	87184	221433	0
FFQ	54	0	0	15450	0	0	184	432	2208	1533	6	289	600	368	1255	400	282	249	580	2536	1127	2949	1729	3333	2153	2378	4070	12883	2933	7738	15401	14069	23458	24672	36538	87342	369357	203889	247965	42742	245952	75696	188385	0
FFQ	55	0	0	16029	0	0	183	415	2458	1524	3	343	666	388	1248	377	279	270	694	2648	1057	3119	1714	3207	2097	2496	4253	12312	3790	7359	16187	14840	24360	25456	39159	94381	400955	212443	252562	39300	231579	65365	157606	0
FFQ	56	0	0	16757	0	0	189	408	2376	1439	5	496	883	465	1720	320	377	213	744	2618	1395	4582	2224	4133	2925	4154	5910	19610	6047	13503	29270	33759	55783	64847	83899	223153	324396	214333	165760	40838	211400	59593	42590	0
FFQ	57	0	0	17217	0	0	197	349	2494	1275	2	412	786	420	1311	298	395	239	619	2529	1173	3812	1833	3322	2351	2948	5039	14408	4710	8070	20697	20055	34502	38620	70156	179551	405628	230400	206066	32777	217166	63938	47335	0
FFQ	58	0	0	17846	0	0	249	373	2589	1215	2	417	685	424	1154	283	355	245	729	2648	1093	3704	1698	2654	2237	2636	5153	13288	4390	6550	18622	16648	28101	30307	52012	128206	486858	237179	241597	27498	189174	50017	64255	0
FFQ	59	0	0	18334	0	0	221	325	2401	1001	1	424	794	423	1026	270	439	280	714	2687	1137	3863	1647	2372	2261	2802	5102	12634	4382	5711	18469	15888	26695	28339	47594	117109	534911	247922	244681	22664	170089	32290	65180	0
FFQ	60	0	0	18903	0	0	201	345	2744	1041	1	480	794	412	924	261	439	280	754	2835	1089	3927	1568	2188	2330	3024	5331	12302	4777	5243	18682	15585	26467	28195	47271	116252	575353	255129	238863	18984	151566	23161	55375	0
FFQ	61	0	0	19567	0	0	238	300	2631	857	0	489	811	472	851	268	451	262	792	2790	1163	3936	1512	1967	2460	3120	5750	11890	4990	5000	19257	15683	26581	28380	48724	119971	611515	261887	227482	15548	133552	17412	44510	0
FFQ	62	0	0	20428	0	0	242	309	2813	823	0	472	755	454	786	264	465	258	769	2988	1235	4171	1491	1730	2472	3331	6135	11866	5238	4909	19844	15948	27382	29066	50563	125268	647788	263475	214135	13002	115091	13214	33877	0
FFQ	63	0	0	21167	0	0	370	263	2826	705	0	538	737	493	712	245	559	305	832	2897	1332	4412	1464	1542	2580	3426	6513	11640	5563	4382	20414	15987	28354	29619	52138	129851	681464	265824	199375	10713	98010	9903	25889	0
FFQ	64	0	0	22047	0	0	281	321	3086	640	1	539	776	473	622	219	561	264	899	3045	1380	4437	1453	1387	2709	3683	7107	11443	5880	3990	21002	16199	28844	30568	53854	135460	712869	266875	183942	8852	80233	7700	19399	0
FFQ	65	0	0	22853	0	0	308	229	2974	629	0	606	817	479	594	254	589	304	979	3160	1475	4724	1364	1261	2736	3715	7558	11149	6005	3870	21870	16160	29855	31239	55103	141700	744396	265086	167273	7184	64347	5671	14514	0
FFQ	66	0	0	23808	0	0	272	276	3025	506	1	686	745	478	516	262	585	291	964	3228	1627	4792	1313	1081	3011	3877	8016	10852	6539	3764	22362	16207	30812	31748	56687	147117	776349	259387	148959	5685	51996	4289	10917	0
FFQ	67	0	0	24845	0	0	275	305	3102	497	1	578	769	498	423	223	641	278	977	3322	1612	4869	1159	953	3020	4392	8422	10349	6736	3609	22970	16402	31156	32306	58801	150690	804320	254830	133151	4561	40346	3184	8458	0
FFQ	68	0	0	25953	0	0	323	236	3116	444	0	647	726	509	428	228	669	328	1012	3199	1841	4949	1157	819	3013	4276	8832	10117	7092	3248	23301	16827	32053	33190	60585	156635	829838	247183	116324	3574	31337	2493	6528	0
FFQ	69	0	0	27184	0	0	322	229	3198	350	0	678	674	447	334	209	742	358	1023	3285	1881	5147	1012	731	3116	4337	9711	9367	7578	3264	23789	16493	32433	33821	62538	161222	852295	241583	100096	2741	23806	1952	5084	0
FFQ	70	0	0	28517	0	0	306	218	3155	332	0	745	717	485	270	205	714	324	1121	3232	2032	5093	904	623	3437	4355	10068	9170	8074	3226	24344	17095	33293	34640	63762	165161	875175	231242	85271	2112	18126	1513	3973	0
FFQ	71	0	0	30109	0	0	297	195	3178	279	0	761	619	453	233	163	775	337	1123	3390	2103	5112	805	572	3436	4547	10365	8471	8210	2740	24649	17261	33899	35525	64342	172460	892017	223771	71113	1630	13871	1186	3033	0
FFQ	72	0	0	31836	0	0	357	170	3468	255	0	873	631	469	178	166	844	354	1145	3634	2223	5171	753	516	3516	5007	10929	8011	8776	2601	25382	17435	34844	36452	65209	176394	906462	214383	59433	1221	10699	889	2344	0
FFQ	73	0	0	33692	0	0	342	161	3179	241	0	865	550	447	163	177	825	339	1177	3478	2364	5060	638	454	3626	5069	11327	7302	9155	2414	26139	17211	34836	36756	67487	179982	919648	206511	49535	985	8391	730	1774	0
FFQ	74	0	0	35964	0	0	354	142	2977	202	0	778	567	417	115	123	872	352	1210	3541	2435	5136	563	461	3663	5089	12041	6750	9548	2308	26281	17718	36224	37831	69065	183260	929320	197281	41008	822	6747	526	1339	0
FFQ	75	0	0	38521	0	0	328	119	2770	185	0	713	480	142	334	146	852	306	1113	3324	2507	4775	487	387	3752	5186	12321	6094	9869	2145	26105	18265	36349	38513	70086	187613	940361	186991	34348	673	5501	395	974	0
FFQ	76	0	0	41909	0	0	323	74	2539	189	0	730	447	105	298	94	765	345	1269	3297	2549	4629	365	353	3747	5125	12496	5502	10016	1903	26610	18380	36858	38989	71474	190809	947407	178805	28517	510	4640	256	706	0
FFQ	77	0	0	45883	0	0	233	73	2084	130	3	600	339	65	287	88	875	338	1050	3313	2606	4447	301	323	3680	5385	12616	5002	10376	1789	26572	18175	37436	39718	72690	194746	951278	171643	24247	420	3610	185	424	0
FFQ	78	0	0	50892	0	0	167	38	1607	75	0	530	214	46	219	60	784	327	1116	3223	2593	4012	257	310	3769	5327	12969	4405	10776	1560	26664	18478	38582	40087	74457	198107	952719	164190	20812	325	2981	112	240	0
FFQ	79	0	0	56761	0	0	40	7	577	30	0	231	108	24	106	34	706	307	1046	3196	2537	3676	195	313	3556	5250	12725	3730	10705	1392	26608	18598	38873	40744	75030	201020	954696	159246	18097	282	2430	48	106	0
FFQ	80	0	0	63900	0	0	0	0	0	0	0	0	2	0	10	2	721	307	947	3236	2316	3510	158	335	3398	5273	12487	3204	10739	1248	26134	18979	39891	41659	75896	206401	950998	153037	16050	201	1928	22	41	0
FFQ	81	0	0	76057	0	0	0	0	0	0	0	0	0	0	0	0	2434	1313	2885	12421	7790	9640	459	1334	9572	14166	37807	8236	29644	3406	70565	44809	96622	97062	116736	381277	544479	66423	6951	183	750	3	6	0
# Last Fragment Qualities. Use `grep ^LFQ | cut -f 2-` to extract this part.
# Columns correspond to qualities and rows to cycles. First column is the cycle number.
LFQ	1	0	0	7533	0	0	19	24	47	994	241	3676	1332	24	24	15	126	978	709	4748	1195	19	220	203	850	1561	4335	1413	9079	457	2697	6196	7288	12457	9752	19737	10403	27968	30029	78833	94025	264367	1039752	0
LFQ	2	0	0	6871	0	0	15	27	63	1011	320	3621	1248	24	30	8	211	1045	1118	4812	1225	30	243	163	944	1760	4250	1456	8522	474	2646	6556	7317	12104	9939	19389	10851	28406	29983	80633	97320	268905	1029786	0
LFQ	3	0	0	7073	0	0	19	24	57	1109	460	3526	1206	21	32	17	249	1212	1353	4335	1224	22	273	185	1017	2051	4062	1470	8581	484	2650	6786	7468	11907	10095	19550	11353	28815	30116	82989	101011	273561	1016963	0
LFQ	4	0	0	7419	0	0	26	34	88	1257	597	3737	1141	18	46	22	285	1321	1179	3499	1249	36	302	191	1087	2285	4127	1481	8558	510	2776	7440	7549	12089	10568	19717	11841	29061	30639	86636	93633	257778	1033104	0
LFQ	5	0	0	7647	0	0	20	44	99	1402	765	3580	996	31	51	28	370	1561	1388	3109	1270	37	289	227	1151	2700	4014	1578	8398	539	2834	8101	7701	11872	10644	20294	12486	30181	31724	89807	94350	266993	1015045	0
LFQ	6	0	0	8035	0	0	23	45	80	1570	1044	3635	879	41	52	19	457	1724	1574	2773	1377	53	345	232	1333	2973	3997	1605	8347	571	2902	8537	8037	11347	10999	20475	13197	30504	32191	92869	96137	277407	995940	0
LFQ	7	0	0	8341	0	0	27	53	102	1528	1280	3211	673	45	61	42	586	2034	1761	2386	1367	46	386	266	1390	3407	4005	1590	8299	639	3091	9392	8084	11184	11465	20387	14141	31154	32617	96842	95344	287612	978488	0
LFQ	8	0	0	8643	0	0	23	68	132	1772	1487	3131	546	35	67	57	658	2202	1880	1891	1378	48	501	230	1442	3883	3911	1683	7656	649	3054	10269	8141	10489	11878	20837	14966	31121	33334	100065	95964	297774	961460	0
LFQ	9	0	0	9102	0	0	23	72	107	1872	1840	2733	347	43	76	70	792	2443	1895	1564	1477	55	506	295	1463	4294	4017	1763	7252	715	3177	11039	8491	9968	12142	20896	15975	31373	33861	104476	94820	307392	944899	0
LFQ	10	0	0	9433	0	0	15	95	158	2079	2311	2564	225	46	96	71	902	2541	1697	1431	1471	68	505	270	1556	4582	4219	1739	6857	772	3249	11864	8740	9265	12771	21200	17379	31948	34875	108467	94067	318187	925610	0
LFQ	11	0	0	9786	0	0	29	114	198	2357	2882	2379	121	74	114	92	1129	2962	1704	1289	1560	102	564	382	1603	4926	4466	1793	6742	842	3433	13012	8934	8923	13092	20920	18774	32101	35163	113401	94618	326539	906205	0
LFQ	12	0	0	10279	0	0	28	122	194	2246	3053	1729	73	82	113	109	1250	3029	1349	1273	1484	100	677	373	1639	5043	4903	1933	6350	966	3513	13972	9178	8379	13993	21224	20297	32391	35607	117484	93510	334673	890707	0
LFQ	13	0	0	10675	0	0	35	139	233	2407	3272	1307	55	70	145	116	1444	3067	1018	1262	1550	118	687	394	1710	5166	5001	1968	5946	1026	3528	14990	9548	7643	14711	21324	21781	32446	37269	123171	91574	341521	875008	0
LFQ	14	0	0	11190	0	0	42	133	310	2494	3788	943	49	83	158	149	1639	3194	682	1223	1596	136	799	487	1742	5369	5411	2174	5640	1114	3664	15419	9750	7406	15728	21416	23953	32261	38102	128077	91631	347017	858356	0
LFQ	15	0	0	11685	0	0	32	185	367	2661	4208	644	39	128	179	223	1907	3124	519	1237	1630	125	904	552	1804	5553	5570	2242	5597	1237	3887	16432	10170	7109	16597	21455	25727	32541	39491	133238	91203	354068	839054	0
LFQ	16	0	0	12233	0	0	46	197	436	2615	4391	395	45	126	199	201	2024	2995	341	1324	1652	182	942	615	1813	5764	5662	2315	5415	1426	3927	16761	10503	6989	17390	21096	27666	32524	40413	137505	91887	360204	823105	0
LFQ	17	0	0	12947	0	0	46	236	502	2690	4604	230	50	151	267	242	2295	2882	282	1380	1693	209	1153	722	1981	5779	5517	2566	5348	1613	4127	17138	10865	6963	18590	21081	29843	32658	41739	143392	91834	364823	804885	0
LFQ	18	0	0	13125	0	0	44	257	557	2379	4121	125	51	203	324	287	2656	2915	246	1190	1485	229	1090	708	1929	5303	5486	2513	4649	1562	3491	17606	10214	6395	18378	18850	30278	27312	41771	129388	99702	330164	856339	0
LFQ	19	0	0	13607	0	0	65	295	563	2567	4252	102	52	200	381	365	2842	2389	211	1196	1472	281	1070	799	2173	5593	5240	2616	4654	1809	3627	17253	10154	6317	19188	18074	30755	26901	41967	124056	101623	329881	858731	0
LFQ	20	0	0	14138	0	0	64	275	698	2353	4062	58	57	201	373	393	2842	2073	197	1118	1552	306	1105	885	2172	5526	4854	2726	4759	2006	3655	16691	10464	6446	20147	17922	31916	26702	42278	123524	99530	330177	859076	0
LFQ	21	0	0	14660	0	0	45	308	756	2291	4223	69	67	227	444	411	2829	1759	237	1176	1641	324	1152	982	2458	5807	4423	2893	4740	2134	3991	16436	10638	6781	20853	17629	33337	26993	43155	126354	98327	330360	852410	0
LFQ	22	0	0	15167	0	0	64	373	838	2195	4020	63	71	268	512	506	2856	1481	230	1216	1577	373	1215	1023	2541	5824	4023	3084	4739	2442	3937	16341	10924	7098	21734	17321	34379	27377	44368	126679	98941	332551	844969	0
LFQ	23	0	0	15722	0	0	69	359	835	2178	4038	61	84	290	556	576	3048	1179	247	1257	1653	474	1177	1144	2701	5937	3707	3305	4896	2792	4005	15955	11475	7201	22362	17707	34664	28309	44837	128338	100150	334631	835399	0
LFQ	24	0	0	16383	0	0	91	433	1048	2381	3965	61	88	372	628	639	3096	1021	306	1246	1768	566	1285	1367	2923	5956	3269	3638	5038	3319	4292	15550	11765	7701	23326	17933	36064	29808	45678	130287	100923	337292	821809	0
LFQ	25	0	0	16843	0	0	66	347	916	1940	3271	55	101	406	736	666	3253	798	295	1033	1410	783	1143	1346	3053	5615	3167	3467	4157	3669	3646	15235	10730	7101	22919	16114	36082	25486	46796	113922	108376	314784	863587	0
LFQ	26	0	0	17410	0	0	56	344	951	1817	3017	53	99	373	704	672	2869	571	301	1042	1347	689	1082	1278	3036	5253	2479	3713	4166	3656	3774	13660	10611	7056	21614	15907	35111	26059	45883	107305	103374	301020	894959	0
LFQ	27	0	0	18005	0	0	83	384	1027	1782	2870	92	113	332	730	738	2609	473	327	1096	1405	687	1129	1291	3237	5183	2216	3824	4115	3980	3826	12610	10761	7215	21479	16297	35469	27240	46449	104971	100804	292793	905668	0
LFQ	28	0	0	18586	0	0	70	416	1124	1838	2650	67	103	323	830	823	2472	370	324	1104	1357	750	1015	1399	3370	5028	1906	3886	3951	4209	3978	12169	10929	7541	21160	17013	36127	28693	47534	103159	102024	287384	907627	0
LFQ	29	0	0	19393	0	0	74	445	1244	1904	2717	62	126	387	883	876	2268	315	371	1122	1442	787	1088	1629	3382	5171	1648	4127	4241	4862	4131	11616	11485	7967	21567	17415	36858	31401	50217	91935	114274	283932	899946	0
LFQ	30	0	0	20033	0	0	69	469	1206	1904	2281	62	126	466	1046	910	2082	300	357	1011	1360	817	1125	1699	3485	4957	1417	4343	3962	5195	4198	10897	11580	8007	20832	17911	37591	32830	51897	87774	118803	278722	901582	0
LFQ	31	0	0	20656	0	0	72	469	1290	1964	2235	98	182	611	1478	1114	2410	217	358	1032	1223	1314	1194	2519	4838	6201	1834	5750	4144	10155	5231	19519	17748	12925	48330	36122	54258	53658	143643	175460	310793	372839	319420	0
LFQ	32	0	0	21164	0	0	83	536	1317	2101	2119	110	167	612	1412	1161	1908	226	344	1112	1314	1156	1159	2329	4202	5083	1245	5208	3859	7592	4481	12271	14130	10275	26748	27394	44873	41797	80689	138807	305962	432556	435800	0
LFQ	33	0	0	21772	0	0	76	526	1319	1997	1728	89	166	524	1309	1008	1519	238	314	1135	1347	1211	1121	2425	4126	4391	1018	5377	3690	7277	4421	10199	13057	9655	21762	23575	45870	40614	64803	99293	184752	396152	663445	0
LFQ	34	0	0	22647	0	0	77	517	1309	1978	1518	97	163	520	1334	981	1209	235	363	1191	1355	1314	1106	2320	4142	4092	854	5419	3625	7413	4590	8874	12825	9366	20106	23000	49625	40797	65598	87048	150905	287727	817059	0
LFQ	35	0	0	23105	0	0	104	501	1367	2183	1354	76	228	666	1424	962	1046	206	371	1274	1409	1357	1101	2481	3996	2668	2025	5713	3373	7741	4791	8265	13020	9940	19121	23967	53960	43211	69533	83068	147146	249305	851240	0
LFQ	36	0	0	23899	0	0	106	579	1429	2208	1194	117	183	511	1448	1017	846	246	439	1282	1358	1449	1133	2683	3971	2360	1929	6059	3463	7964	5350	7923	13568	10210	18860	25452	58562	46875	74457	80557	151106	235534	846969	0
LFQ	37	0	0	24531	0	0	121	596	1499	2391	1059	143	213	652	1576	1029	773	226	385	1475	1380	1539	1126	2776	4189	2302	1987	6346	3325	8617	5247	7913	14109	10721	18810	26895	64972	50474	81662	79223	156756	225316	830938	0
LFQ	38	0	0	25306	0	0	106	629	1537	2463	876	146	225	530	1680	1034	641	187	435	1485	1338	1744	1198	2969	4190	2032	2079	6747	3228	8949	5618	7397	14571	11267	18986	28555	71135	55348	90110	78444	164744	219237	806123	0
LFQ	39	0	0	25997	0	0	140	573	1554	2562	686	127	254	568	1764	917	519	209	434	1529	1265	1512	1204	3306	3951	1807	2158	7369	3198	9309	5931	7320	15218	11932	18675	30459	78969	60292	97606	77217	173478	212198	781081	0
LFQ	40	0	0	26724	0	0	133	616	1637	2601	588	155	323	557	1840	893	478	241	409	1661	1274	1767	1215	3442	3825	1667	2122	7721	3096	9889	6236	7082	15434	12453	18893	32604	88745	66687	104906	75240	183957	204647	751529	0
LFQ	41	0	0	27480	0	0	115	602	1594	2595	416	201	363	570	1957	866	412	233	428	1818	1247	1838	1196	3699	3587	1577	2213	8149	3079	10020	6823	7187	16202	13257	18660	34984	98568	73446	113176	74127	196335	197926	716339	0
LFQ	42	0	0	28240	0	0	129	620	1675	2632	395	174	316	486	1935	806	355	246	468	1782	1260	1849	1320	3929	3555	1428	2344	8694	2980	10179	7172	7468	16940	13862	19097	37520	110246	80842	122370	73301	207308	190848	678512	0
LFQ	43	0	0	29075	0	0	138	668	1809	2861	308	175	383	531	2046	789	336	224	453	2010	1236	1914	1346	4075	3441	1534	2351	9066	3042	10365	7893	7826	17394	14728	19528	40307	122210	89055	131479	71686	216081	183632	641286	0
LFQ	44	0	0	29815	0	0	136	664	1826	2742	192	207	449	570	2022	741	284	221	491	2123	1191	2022	1452	4379	3428	1378	2608	9482	2846	10420	8155	8192	17950	15375	20285	42157	136810	96479	143609	69019	225285	173676	604596	0
LFQ	45	0	0	30638	0	0	150	552	1885	2766	142	223	428	522	2031	632	263	254	518	1832	1475	2220	1480	4198	3285	1401	2659	9856	2587	10145	8950	8803	18629	15981	21210	45189	152141	104077	155699	66782	234990	163509	565173	0
LFQ	46	0	0	31386	0	0	191	592	1904	2715	91	232	455	551	1928	593	235	249	513	2027	1452	2330	1463	4405	3211	1426	2724	10378	2526	10008	9762	9086	19044	16873	21915	47480	169976	112470	168435	64455	242458	154595	523138	0
LFQ	47	0	0	32309	0	0	164	572	2007	2661	73	298	432	465	2018	573	235	260	507	2055	1402	2442	1572	4436	2986	1535	2919	10870	2607	9968	10378	9814	19594	17385	22743	51260	188750	122713	180231	61257	249574	143611	480593	0
LFQ	48	0	0	33304	0	0	160	605	2169	2740	51	246	530	502	1936	529	235	250	547	2336	1406	2539	1599	4496	2770	1545	3163	11314	2509	9798	10962	10311	20067	18269	23992	54459	210147	131928	191274	58920	254117	133007	438535	0
LFQ	49	0	0	34251	0	0	198	598	2369	2673	36	294	611	527	2048	567	276	294	569	2293	1402	2692	1742	4620	2720	1528	3331	11725	2583	9629	11699	11122	20809	19050	25188	58104	230944	141946	203580	55307	259080	121219	395642	0
LFQ	50	0	0	35080	0	0	196	602	2389	2644	24	326	687	524	2124	510	281	239	606	2531	1421	2886	1821	4458	2331	2165	3527	12421	2687	9427	12498	11615	21263	19935	26633	62269	253006	153555	213398	51558	261568	109623	354433	0
LFQ	51	0	0	35988	0	0	214	536	2528	2378	20	357	666	499	2001	465	275	260	605	2628	1361	3061	1817	4392	2343	2252	3673	12614	2711	9290	13170	12594	21873	21054	28173	67418	277306	164911	223488	49028	260311	98997	312002	0
LFQ	52	0	0	36913	0	0	228	542	2516	2255	8	363	705	467	1821	416	344	253	690	2720	1291	3151	1879	4209	2380	2457	3934	13040	2806	8904	14053	13003	22374	21833	29201	71663	303058	175819	231886	44775	260521	87313	273466	0
LFQ	53	0	0	37889	0	0	229	535	2687	2032	4	369	760	462	1791	430	360	295	656	2827	1299	3321	1921	3913	2206	2545	4044	13304	2907	8518	14935	13507	22697	22407	31549	76613	331595	187641	238035	40906	254890	76499	236679	0
LFQ	54	0	0	38936	0	0	262	540	2946	2089	5	396	727	483	1723	402	355	288	691	2949	1241	3488	1933	3922	2187	2551	4351	13807	3017	7915	15386	13806	23409	23134	33132	80380	360906	198258	244649	37529	246520	65986	202955	0
LFQ	55	0	0	39979	0	0	248	464	2931	1873	8	476	786	493	1604	390	407	274	710	2951	1348	3528	1947	3764	2304	2640	4680	13320	3937	7462	16286	14423	24027	23963	34712	85363	391087	209455	250165	33770	233679	56262	171538	0
LFQ	56	0	0	40964	0	0	243	525	3178	1847	5	419	784	506	1569	367	387	275	714	3207	1321	3693	2042	3483	2271	2876	5066	13375	4088	7216	17252	14619	25043	24669	36512	91033	422690	218244	252506	30083	219622	47680	142879	0
LFQ	57	0	0	42007	0	0	281	480	3297	1745	3	484	860	589	1578	343	474	281	753	3168	1226	4160	1916	3304	2332	2941	5266	13835	4384	6911	17763	15094	25698	25300	38139	95703	454056	228111	253148	26143	204700	39496	117282	0
LFQ	58	0	0	43178	0	0	313	443	3400	1652	3	538	849	511	1361	378	470	313	877	3418	1309	4328	1916	3042	2379	3159	5667	13659	4498	6429	18303	15361	26115	26160	40155	101233	490263	233679	250550	23250	187848	31966	94275	0
LFQ	59	0	0	44187	0	0	279	413	3444	1464	2	546	921	573	1338	347	491	322	863	3342	1438	4557	1926	2759	2497	3134	5953	13945	4939	6064	19155	15832	26966	26729	42325	107076	523074	241111	244247	20222	170521	25535	74708	0
LFQ	60	0	0	45326	0	0	308	428	3558	1386	0	579	913	548	1116	321	527	321	930	3472	1417	4676	1859	2600	2582	3382	6401	14006	5163	5735	20240	15931	27531	27682	43984	113108	556921	247202	235377	17137	151282	20517	58777	0
LFQ	61	0	0	46619	0	0	347	450	3854	1241	0	590	903	576	1097	321	635	331	962	3702	1512	4881	1913	2259	2805	3650	6931	13767	5491	5381	21147	16363	28895	28906	46066	118831	588306	252086	223377	14700	132593	15905	45848	0
LFQ	62	0	0	47697	0	0	362	458	3928	1085	2	686	1077	620	1031	285	582	318	1034	3749	1457	5128	1849	2080	2760	3848	7214	13554	5881	5279	21411	16637	29861	29549	48202	124364	623594	253218	210606	12317	114289	12256	34970	0
LFQ	63	0	0	48967	0	0	447	411	3948	1026	1	712	977	620	918	268	656	336	1087	3716	1610	5531	1690	1924	3054	3829	7569	13544	6316	4861	22276	17002	30881	30255	50041	131278	654548	255098	195118	10327	96589	9396	26410	0
LFQ	64	0	0	50430	0	0	385	398	4042	873	2	747	917	648	842	273	694	336	1191	3760	1741	5458	1749	1612	3190	4116	8443	13132	6554	4471	22786	16967	31655	31230	51344	135887	684747	256727	180644	8358	79557	7214	20115	0
LFQ	65	0	0	51736	0	0	402	348	4178	808	0	750	987	585	736	305	698	339	1116	3785	1887	5548	1638	1488	3142	4238	8857	12477	6775	4231	23568	17045	32032	31774	52597	141895	715148	255692	165273	6603	63998	5361	15194	0
LFQ	66	0	0	53095	0	0	404	325	4177	661	0	810	990	588	604	255	762	367	1179	3895	1958	5758	1468	1242	3462	4289	9689	12102	7161	3952	24060	17086	32973	32510	53649	146570	746909	250677	147191	5231	51577	4111	11497	0
LFQ	67	0	0	54632	0	0	421	398	4173	583	1	839	999	604	498	276	806	381	1173	4088	2034	5972	1400	1098	3432	4832	9949	11818	7661	3870	24704	17101	33442	33068	55293	151486	773614	245562	130512	4259	40272	3148	8835	0
LFQ	68	0	0	56209	0	0	439	281	4221	497	0	829	960	590	465	238	814	350	1244	3984	2157	5911	1237	887	3669	4837	10413	11288	8038	3681	24835	17721	34044	33852	56952	155843	798499	240223	114153	3284	31248	2388	6953	0
LFQ	69	0	0	58030	0	0	461	273	4450	440	1	903	919	617	379	249	847	363	1287	4061	2344	6117	1166	873	3738	4997	11281	10463	8398	3494	25670	17443	35106	34581	58713	160129	819720	233783	98143	2591	23891	1934	5379	0
LFQ	70	0	0	59863	0	0	417	301	4192	428	1	940	980	622	323	213	933	405	1342	4218	2537	6260	1080	728	4018	5202	11669	10135	8917	3436	26123	17850	35926	35536	60158	164955	839716	224280	83388	1949	18514	1538	4141	0
LFQ	71	0	0	62057	0	0	425	225	4242	375	1	1057	845	573	261	216	924	372	1330	4091	2666	6142	940	613	3938	5261	12405	9332	9408	3026	26553	17948	36996	36138	61093	170815	855591	217570	69676	1549	14195	1170	3215	0
LFQ	72	0	0	64491	0	0	460	230	4129	367	0	991	777	561	226	167	1019	371	1362	4142	2659	6106	821	525	4050	5550	12559	8599	9677	2925	26716	17974	36811	36747	62028	174658	873071	208263	58607	1178	10979	936	2502	0
LFQ	73	0	0	67145	0	0	509	191	3958	312	2	1004	732	606	170	208	1022	411	1370	4099	2890	6106	795	444	3993	5783	13283	7957	10118	2635	27535	18375	37765	37680	63463	178629	884448	198969	48485	930	8542	731	1939	0
LFQ	74	0	0	70313	0	0	407	178	3696	292	1	1017	637	508	143	163	1028	397	1433	4128	2899	6098	591	432	4222	5831	13659	7377	10609	2549	27831	18422	38732	38202	64991	181813	894560	189983	40514	766	6816	538	1458	0
LFQ	75	0	0	73721	0	0	382	126	3555	227	1	957	601	154	415	156	1009	378	1314	4154	3120	5666	503	392	4226	5835	13555	6635	10931	2365	27629	18587	38563	38699	65634	185297	905914	180603	34144	584	5696	407	1099	0
LFQ	76	0	0	77904	0	0	353	102	3178	171	2	882	492	130	424	129	949	359	1406	3945	3038	5315	416	433	4350	5931	14032	5843	11156	2052	27814	18929	38752	39211	66643	188114	913956	172355	28133	540	4734	288	773	0
LFQ	77	0	0	83081	0	0	304	72	2635	147	1	770	424	106	356	107	998	378	1221	3842	3080	5037	329	356	4188	6116	14209	5234	11320	1930	27933	18963	40106	40217	67612	192859	916360	164279	23846	412	3770	185	451	0
LFQ	78	0	0	89227	0	0	198	48	1828	102	3	583	256	38	222	65	922	339	1289	3815	3047	4766	285	366	3986	5929	14589	4524	11719	1707	28265	19336	40745	40940	69137	196246	917280	157434	20200	317	3124	104	253	0
LFQ	79	0	0	96349	0	0	39	10	711	36	1	259	84	20	112	45	817	368	1210	3616	2910	4392	183	342	3804	5841	14627	3835	11788	1566	28521	19558	41642	41401	69965	197834	918118	152636	17680	237	2512	52	113	0
LFQ	80	0	0	104354	0	0	0	0	0	1	0	1	0	0	11	3	829	394	1104	3696	2714	3700	137	380	3831	5921	13977	3370	11724	1353	27972	19536	42310	42080	71232	202404	914898	147166	15897	193	1988	17	41	0
LFQ	81	0	0	118110	0	0	0	0	0	0	0	0	0	0	0	0	2662	1469	3106	14067	8174	10031	449	1382	9859	14561	40017	8020	29897	3401	69755	43349	95094	93004	108748	362449	532109	65290	7152	189	880	4	6	0
# GC Content of first fragments. Use `grep ^GCF | cut -f 2-` to extract this part.
GCF	0.50	51
GCF	1.51	254
GCF	2.76	410
GCF	4.02	670
GCF	5.28	891
GCF	6.53	954
GCF	7.79	1026
GCF	9.05	1080
GCF	10.30	1160
GCF	11.56	1210
GCF	12.81	1201
GCF	14.07	1401
GCF	14.82	1657
GCF	15.33	1659
GCF	15.83	1949
GCF	16.58	1950
GCF	17.59	2738
GCF	18.34	3595
GCF	18.84	3594
GCF	19.35	3592
GCF	20.10	4317
GCF	20.85	6769
GCF	21.36	6770
GCF	21.86	6772
GCF	22.36	7899
GCF	22.86	7901
GCF	23.37	11180
GCF	23.87	11178
GCF	24.37	11181
GCF	25.13	14606
GCF	25.88	19546
GCF	26.38	19547
GCF	26.88	19546
GCF	27.39	26575
GCF	27.89	26578
GCF	28.39	35624
GCF	28.89	35628
GCF	29.40	47108
GCF	29.90	47110
GCF	30.40	47107
GCF	30.90	60112
GCF	31.41	60115
GCF	31.91	73332
GCF	32.41	73335
GCF	32.91	73337
GCF	33.42	84946
GCF	33.92	84947
GCF	34.42	95338
GCF	34.92	95342
GCF	35.43	95340
GCF	35.93	105632
GCF	36.43	105627
GCF	36.93	113059
GCF	37.44	113060
GCF	37.94	113061
GCF	38.44	114063
GCF	38.94	114066
GCF	39.45	113468
GCF	40.20	113462
GCF	40.95	109756
GCF	41.46	109754
GCF	41.96	99052
GCF	42.46	99055
GCF	42.96	89530
GCF	43.72	89533
GCF	44.47	80937
GCF	44.97	80934
GCF	45.48	65944
GCF	46.23	65947
GCF	46.98	55737
GCF	47.49	55743
GCF	48.24	44448
GCF	48.99	44442
GCF	49.50	36097
GCF	50.00	36091
GCF	50.50	29773
GCF	51.01	29772
GCF	51.51	29768
GCF	52.01	22182
GCF	52.51	22181
GCF	53.02	17870
GCF	53.77	17874
GCF	54.52	11935
GCF	55.03	11940
GCF	55.53	8105
GCF	56.03	8107
GCF	56.53	8106
GCF	57.04	5310
GCF	57.54	5312
GCF	58.04	4254
GCF	58.54	4251
GCF	59.05	2647
GCF	59.80	2646
GCF	60.80	2035
GCF	61.56	1560
GCF	62.06	1558
GCF	62.56	1557
GCF	63.07	1087
GCF	63.57	1088
GCF	64.07	625
GCF	64.82	626
GCF	65.58	381
GCF	66.08	380
GCF	67.09	194
GCF	68.09	118
GCF	68.59	119
GCF	69.35	49
GCF	70.10	48
GCF	70.85	45
GCF	71.86	41
GCF	73.12	18
GCF	74.37	22
GCF	75.63	3
GCF	76.88	6
GCF	78.64	2
GCF	80.65	1
GCF	81.91	2
GCF	83.17	1
GCF	84.42	0
GCF	85.43	1
# GC Content of last fragments. Use `grep ^GCL | cut -f 2-` to extract this part.
GCL	0.50	228
GCL	1.51	378
GCL	2.76	557
GCL	4.02	766
GCL	5.28	1066
GCL	6.53	1172
GCL	7.79	1131
GCL	9.05	1244
GCL	10.30	1307
GCL	11.56	1326
GCL	12.81	1500
GCL	14.07	1572
GCL	15.08	1848
GCL	16.33	2199
GCL	17.59	2973
GCL	18.84	3788
GCL	20.10	4523
GCL	21.11	6822
GCL	21.86	6821
GCL	22.36	8215
GCL	22.86	8216
GCL	23.62	11428
GCL	24.37	11430
GCL	25.13	14862
GCL	25.88	19981
GCL	26.63	19980
GCL	27.64	27368
GCL	28.64	35862
GCL	29.40	47202
GCL	30.15	47203
GCL	30.90	60321
GCL	31.41	60319
GCL	31.91	72923
GCL	32.41	72925
GCL	32.91	72926
GCL	33.67	84695
GCL	34.42	94534
GCL	35.18	94536
GCL	35.93	106004
GCL	36.43	106003
GCL	36.93	111863
GCL	37.69	111864
GCL	38.44	114207
GCL	38.94	114206
GCL	39.45	113092
GCL	40.20	113091
GCL	41.21	108819
GCL	41.96	98664
GCL	42.46	98666
GCL	42.96	88261
GCL	43.47	88262
GCL	43.97	88264
GCL	44.47	80660
GCL	44.97	80658
GCL	45.48	66144
GCL	45.98	66145
GCL	46.48	66143
GCL	47.24	55550
GCL	48.24	44330
GCL	48.99	44332
GCL	49.50	35801
GCL	50.00	35803
GCL	50.50	29393
GCL	51.01	29395
GCL	51.51	29392
GCL	52.01	22350
GCL	52.51	22346
GCL	53.02	17775
GCL	53.52	17773
GCL	54.02	17774
GCL	54.77	11935
GCL	55.53	7975
GCL	56.03	7976
GCL	56.53	7975
GCL	57.04	5313
GCL	57.54	5314
GCL	58.04	4063
GCL	58.54	4064
GCL	59.30	2638
GCL	60.05	2635
GCL	60.55	2057
GCL	61.06	2056
GCL	61.81	1634
GCL	62.56	1636
GCL	63.32	1164
GCL	64.57	759
GCL	65.58	414
GCL	66.08	415
GCL	66.83	212
GCL	67.59	213
GCL	68.09	146
GCL	68.59	145
GCL	69.35	101
GCL	70.10	100
GCL	70.85	66
GCL	71.86	64
GCL	73.12	42
GCL	74.37	36
GCL	75.63	23
GCL	76.88	22
GCL	78.14	10
GCL	79.40	13
GCL	80.65	9
GCL	81.91	7
GCL	83.17	6
GCL	84.42	7
GCL	85.43	6
GCL	86.68	3
GCL	87.94	2
GCL	90.95	1
GCL	94.72	2
GCL	96.73	0
GCL	97.99	1
# ACGT content per cycle. Use `grep ^GCC | cut -f 2-` to extract this part. The columns are: cycle; A,C,G,T base counts as a percentage of all A/C/G/T bases [%]; and N and O counts as a percentage of all A/C/G/T bases [%]
GCC	1	30.56	19.99	18.82	30.63	0.04	0.00
GCC	2	30.63	20.10	18.89	30.39	0.01	0.00
GCC	3	30.81	19.93	18.78	30.48	0.01	0.00
GCC	4	30.90	20.03	18.60	30.48	0.01	0.00
GCC	5	30.85	19.91	18.77	30.47	0.01	0.00
GCC	6	30.62	19.86	18.80	30.73	0.01	0.00
GCC	7	30.61	19.69	18.81	30.89	0.01	0.00
GCC	8	30.69	20.07	18.61	30.64	0.01	0.00
GCC	9	30.85	19.85	18.75	30.55	0.02	0.00
GCC	10	30.69	19.96	18.65	30.71	0.01	0.00
GCC	11	30.72	20.02	18.85	30.41	0.01	0.00
GCC	12	30.61	19.96	18.83	30.60	0.02	0.00
GCC	13	30.71	19.83	18.90	30.57	0.02	0.00
GCC	14	30.61	20.02	18.86	30.51	0.02	0.00
GCC	15	30.66	19.94	18.79	30.60	0.02	0.00
GCC	16	30.81	19.83	18.80	30.55	0.02	0.00
GCC	17	30.85	19.89	18.80	30.46	0.03	0.00
GCC	18	30.66	19.90	18.88	30.56	0.02	0.00
GCC	19	30.90	19.79	18.64	30.66	0.02	0.00
GCC	20	30.81	19.93	18.66	30.61	0.02	0.00
GCC	21	30.92	19.71	18.64	30.72	0.02	0.00
GCC	22	30.69	19.88	18.55	30.88	0.02	0.00
GCC	23	30.71	19.93	18.90	30.46	0.02	0.00
GCC	24	30.62	20.09	18.84	30.45	0.07	0.00
GCC	25	30.81	19.75	18.75	30.69	0.08	0.00
GCC	26	30.57	20.02	18.71	30.70	0.06	0.00
GCC	27	30.87	19.82	18.65	30.66	0.05	0.00
GCC	28	30.81	19.72	18.73	30.73	0.04	0.00
GCC	29	30.82	19.73	18.61	30.85	0.04	0.00
GCC	30	30.76	19.82	18.60	30.81	0.03	0.00
GCC	31	30.85	19.73	18.73	30.68	0.04	0.00
GCC	32	30.76	20.13	18.57	30.54	0.03	0.00
GCC	33	30.74	19.81	18.80	30.65	0.04	0.00
GCC	34	30.73	20.00	18.80	30.47	0.05	0.00
GCC	35	30.78	19.68	18.78	30.76	0.03	0.00
GCC	36	30.61	20.08	18.69	30.62	0.05	0.00
GCC	37	30.94	19.79	18.49	30.78	0.03	0.00
GCC	38	30.74	19.88	18.77	30.62	0.03	0.00
GCC	39	30.66	19.99	18.75	30.60	0.03	0.00
GCC	40	30.70	19.76	18.55	30.98	0.04	0.00
GCC	41	30.50	20.15	18.65	30.69	0.04	0.00
GCC	42	30.64	19.90	18.71	30.75	0.04	0.00
GCC	43	30.85	19.76	18.56	30.84	0.04	0.00
GCC	44	30.73	19.89	18.67	30.71	0.03	0.00
GCC	45	30.77	19.79	18.74	30.69	0.04	0.00
GCC	46	30.72	19.85	18.73	30.69	0.05	0.00
GCC	47	30.71	19.79	18.81	30.70	0.04	0.00
GCC	48	30.87	19.86	18.60	30.67	0.05	0.00
GCC	49	30.92	19.81	18.78	30.49	0.05	0.00
GCC	50	30.76	19.92	18.79	30.53	0.05	0.00
GCC	51	30.83	19.95	18.49	30.73	0.04	0.00
GCC	52	30.92	19.73	18.69	30.66	0.04	0.00
GCC	53	30.70	19.94	18.68	30.68	0.03	0.00
GCC	54	30.82	19.85	18.72	30.61	0.04	0.00
GCC	55	30.82	19.72	18.67	30.79	0.05	0.00
GCC	56	30.65	20.02	18.62	30.70	0.04	0.00
GCC	57	30.88	19.65	18.72	30.76	0.05	0.00
GCC	58	30.64	19.89	18.58	30.89	0.06	0.00
GCC	59	30.81	19.70	18.64	30.86	0.05	0.00
GCC	60	30.86	19.78	18.79	30.56	0.05	0.00
GCC	61	30.79	19.67	18.78	30.76	0.05	0.00
GCC	62	30.63	19.86	18.89	30.62	0.04	0.00
GCC	63	30.69	19.75	18.86	30.71	0.04	0.00
GCC	64	30.62	19.91	18.57	30.90	0.05	0.00
GCC	65	30.73	19.93	18.81	30.53	0.04	0.00
GCC	66	30.61	20.02	18.75	30.62	0.04	0.00
GCC	67	30.72	19.92	18.65	30.71	0.05	0.00
GCC	68	30.58	19.88	18.80	30.74	0.04	0.00
GCC	69	30.52	19.97	18.70	30.82	0.04	0.00
GCC	70	30.76	19.85	18.73	30.66	0.03	0.00
GCC	71	30.69	19.82	18.75	30.74	0.05	0.00
GCC	72	30.92	19.91	18.59	30.58	0.04	0.00
GCC	73	30.64	19.90	18.71	30.76	0.04	0.00
GCC	74	30.78	19.81	18.72	30.70	0.03	0.00
GCC	75	30.54	20.08	18.86	30.51	0.04	0.00
GCC	76	30.71	19.79	18.87	30.63	0.03	0.00
GCC	77	30.46	20.23	18.81	30.50	0.04	0.00
GCC	78	30.66	19.90	18.85	30.59	0.05	0.00
GCC	79	30.48	20.12	18.80	30.61	0.03	0.00
GCC	80	30.47	19.86	18.96	30.71	0.04	0.00
GCC	81	30.47	20.19	18.84	30.50	0.03	0.00
# ACGT content per cycle, read oriented. Use `grep ^GCT | cut -f 2-` to extract this part. The columns are: cycle; A,C,G,T base counts as a percentage of all A/C/G/T bases [%]
GCT	1	30.41	19.39	19.42	30.78
GCT	2	30.20	19.42	19.57	30.81
GCT	3	30.54	19.53	19.18	30.74
GCT	4	30.83	19.33	19.30	30.54
GCT	5	30.41	19.42	19.26	30.91
GCT	6	30.60	19.49	19.17	30.75
GCT	7	30.74	19.17	19.33	30.77
GCT	8	30.44	19.33	19.34	30.89
GCT	9	30.78	19.35	19.25	30.62
GCT	10	30.79	19.12	19.48	30.61
GCT	11	30.45	19.41	19.46	30.68
GCT	12	30.62	19.60	19.19	30.59
GCT	13	30.64	19.50	19.23	30.63
GCT	14	30.24	19.28	19.60	30.88
GCT	15	30.60	19.32	19.42	30.66
GCT	16	30.51	19.05	19.59	30.86
GCT	17	30.68	19.36	19.32	30.63
GCT	18	30.56	19.41	19.38	30.65
GCT	19	30.85	19.15	19.28	30.72
GCT	20	30.59	19.26	19.33	30.83
GCT	21	30.67	19.01	19.34	30.97
GCT	22	30.81	19.21	19.22	30.76
GCT	23	30.45	19.43	19.41	30.72
GCT	24	30.41	19.46	19.47	30.66
GCT	25	30.87	19.14	19.35	30.63
GCT	26	30.67	19.28	19.45	30.60
GCT	27	30.74	19.26	19.21	30.79
GCT	28	30.90	19.34	19.12	30.65
GCT	29	30.60	19.14	19.20	31.07
GCT	30	30.65	19.40	19.02	30.92
GCT	31	30.70	19.23	19.23	30.84
GCT	32	30.52	19.32	19.39	30.78
GCT	33	30.76	19.31	19.30	30.63
GCT	34	30.61	19.25	19.55	30.59
GCT	35	30.62	19.19	19.27	30.92
GCT	36	30.52	19.45	19.31	30.71
GCT	37	30.85	19.02	19.26	30.87
GCT	38	30.50	19.33	19.31	30.86
GCT	39	30.47	19.33	19.41	30.78
GCT	40	30.82	19.10	19.21	30.86
GCT	41	30.45	19.40	19.41	30.75
GCT	42	30.56	19.23	19.38	30.83
GCT	43	30.79	19.28	19.03	30.89
GCT	44	30.48	19.20	19.35	30.96
GCT	45	30.58	19.30	19.24	30.88
GCT	46	30.65	19.37	19.22	30.77
GCT	47	30.61	19.27	19.32	30.79
GCT	48	30.79	19.48	18.98	30.75
GCT	49	30.91	19.16	19.43	30.50
GCT	50	30.50	19.22	19.49	30.79
GCT	51	30.69	19.20	19.24	30.87
GCT	52	30.74	19.15	19.27	30.84
GCT	53	30.55	19.31	19.32	30.83
GCT	54	30.65	19.32	19.25	30.78
GCT	55	30.78	19.10	19.29	30.83
GCT	56	30.53	19.27	19.37	30.83
GCT	57	30.79	19.17	19.19	30.84
GCT	58	30.79	19.20	19.27	30.74
GCT	59	30.80	19.22	19.12	30.87
GCT	60	30.51	19.41	19.17	30.91
GCT	61	30.85	19.09	19.37	30.69
GCT	62	30.61	19.31	19.44	30.64
GCT	63	30.53	19.34	19.27	30.86
GCT	64	30.93	19.32	19.16	30.59
GCT	65	30.41	19.37	19.37	30.85
GCT	66	30.58	19.32	19.45	30.65
GCT	67	30.74	19.26	19.31	30.69
GCT	68	30.43	19.24	19.44	30.89
GCT	69	30.59	19.46	19.20	30.75
GCT	70	30.67	19.39	19.19	30.76
GCT	71	30.60	19.17	19.40	30.84
GCT	72	30.80	19.33	19.17	30.70
GCT	73	30.95	19.35	19.26	30.44
GCT	74	30.70	19.15	19.37	30.77
GCT	75	30.51	19.64	19.31	30.55
GCT	76	30.65	19.36	19.30	30.69
GCT	77	30.40	19.72	19.32	30.57
GCT	78	30.48	19.43	19.32	30.76
GCT	79	30.44	19.49	19.42	30.65
GCT	80	30.15	19.37	19.45	31.04
GCT	81	30.28	19.71	19.32	30.69
# ACGT content per cycle for first fragments. Use `grep ^FBC | cut -f 2-` to extract this part. The columns are: cycle; A,C,G,T base counts as a percentage of all A/C/G/T bases [%]; and N and O counts as a percentage of all A/C/G/T bases [%]
FBC	1	30.54	20.00	18.86	30.60	0.00	0.00
FBC	2	30.64	20.12	18.88	30.35	0.00	0.00
FBC	3	30.81	19.91	18.81	30.46	0.00	0.00
FBC	4	30.91	20.04	18.59	30.45	0.00	0.00
FBC	5	30.82	19.92	18.78	30.48	0.00	0.00
FBC	6	30.60	19.84	18.78	30.78	0.01	0.00
FBC	7	30.61	19.67	18.82	30.90	0.01	0.00
FBC	8	30.67	20.06	18.62	30.65	0.01	0.00
FBC	9	30.86	19.83	18.76	30.54	0.01	0.00
FBC	10	30.70	19.97	18.67	30.66	0.00	0.00
FBC	11	30.72	20.01	18.85	30.41	0.01	0.00
FBC	12	30.59	19.91	18.90	30.60	0.01	0.00
FBC	13	30.70	19.86	18.91	30.53	0.01	0.00
FBC	14	30.63	20.04	18.83	30.51	0.01	0.00
FBC	15	30.68	19.94	18.77	30.60	0.00	0.00
FBC	16	30.80	19.87	18.82	30.51	0.01	0.00
FBC	17	30.87	19.90	18.80	30.43	0.01	0.00
FBC	18	30.68	19.86	18.89	30.57	0.00	0.00
FBC	19	30.90	19.84	18.62	30.64	0.00	0.00
FBC	20	30.75	19.98	18.67	30.60	0.01	0.00
FBC	21	30.96	19.73	18.62	30.69	0.01	0.00
FBC	22	30.68	19.88	18.59	30.85	0.01	0.00
FBC	23	30.73	19.96	18.90	30.41	0.01	0.00
FBC	24	30.56	20.10	18.89	30.46	0.10	0.00
FBC	25	30.83	19.75	18.77	30.65	0.13	0.00
FBC	26	30.55	20.05	18.73	30.66	0.09	0.00
FBC	27	30.80	19.87	18.64	30.69	0.08	0.00
FBC	28	30.80	19.74	18.73	30.73	0.04	0.00
FBC	29	30.82	19.74	18.63	30.80	0.04	0.00
FBC	30	30.79	19.84	18.59	30.78	0.03	0.00
FBC	31	30.83	19.76	18.72	30.69	0.05	0.00
FBC	32	30.76	20.15	18.57	30.52	0.03	0.00
FBC	33	30.72	19.83	18.83	30.63	0.05	0.00
FBC	34	30.71	20.01	18.84	30.44	0.04	0.00
FBC	35	30.80	19.71	18.78	30.71	0.03	0.00
FBC	36	30.59	20.12	18.69	30.61	0.05	0.00
FBC	37	30.93	19.80	18.51	30.76	0.02	0.00
FBC	38	30.70	19.92	18.77	30.61	0.02	0.00
FBC	39	30.65	19.98	18.76	30.60	0.02	0.00
FBC	40	30.70	19.78	18.55	30.97	0.04	0.00
FBC	41	30.49	20.17	18.65	30.69	0.04	0.00
FBC	42	30.60	19.99	18.68	30.74	0.03	0.00
FBC	43	30.85	19.73	18.57	30.85	0.03	0.00
FBC	44	30.70	19.91	18.71	30.68	0.04	0.00
FBC	45	30.73	19.84	18.77	30.66	0.03	0.00
FBC	46	30.72	19.87	18.77	30.64	0.05	0.00
FBC	47	30.72	19.80	18.81	30.66	0.04	0.00
FBC	48	30.86	19.87	18.61	30.66	0.04	0.00
FBC	49	30.92	19.84	18.80	30.44	0.04	0.00
FBC	50	30.76	19.98	18.80	30.46	0.05	0.00
FBC	51	30.83	19.98	18.49	30.70	0.03	0.00
FBC	52	30.90	19.77	18.72	30.60	0.04	0.00
FBC	53	30.68	19.99	18.69	30.64	0.03	0.00
FBC	54	30.80	19.92	18.71	30.56	0.04	0.00
FBC	55	30.78	19.75	18.75	30.73	0.04	0.00
FBC	56	30.65	20.02	18.64	30.68	0.04	0.00
FBC	57	30.88	19.62	18.79	30.71	0.04	0.00
FBC	58	30.69	19.86	18.58	30.87	0.05	0.00
FBC	59	30.81	19.70	18.65	30.84	0.04	0.00
FBC	60	30.85	19.83	18.83	30.48	0.04	0.00
FBC	61	30.77	19.67	18.82	30.74	0.02	0.00
FBC	62	30.68	19.88	18.86	30.58	0.04	0.00
FBC	63	30.68	19.79	18.89	30.64	0.03	0.00
FBC	64	30.63	19.95	18.55	30.87	0.04	0.00
FBC	65	30.73	19.97	18.79	30.51	0.02	0.00
FBC	66	30.61	20.05	18.76	30.58	0.01	0.00
FBC	67	30.71	19.96	18.69	30.64	0.03	0.00
FBC	68	30.57	19.94	18.79	30.70	0.02	0.00
FBC	69	30.49	20.04	18.68	30.80	0.01	0.00
FBC	70	30.79	19.87	18.74	30.60	0.02	0.00
FBC	71	30.66	19.87	18.75	30.72	0.03	0.00
FBC	72	30.92	19.98	18.55	30.54	0.01	0.00
FBC	73	30.61	19.88	18.76	30.75	0.02	0.00
FBC	74	30.76	19.84	18.73	30.67	0.01	0.00
FBC	75	30.54	20.09	18.88	30.48	0.01	0.00
FBC	76	30.73	19.83	18.86	30.59	0.01	0.00
FBC	77	30.42	20.22	18.85	30.51	0.01	0.00
FBC	78	30.62	19.95	18.84	30.59	0.01	0.00
FBC	79	30.49	20.16	18.80	30.54	0.01	0.00
FBC	80	30.47	19.86	18.97	30.70	0.01	0.00
FBC	81	30.43	20.23	18.86	30.48	0.00	0.00
# ACGT raw counters for first fragments. Use `grep ^FTC | cut -f 2-` to extract this part. The columns are: A,C,G,T,N base counters
FTC	40870661	26494244	24940959	40758104	34996
# ACGT content per cycle for last fragments. Use `grep ^LBC | cut -f 2-` to extract this part. The columns are: cycle; A,C,G,T base counts as a percentage of all A/C/G/T bases [%]; and N and O counts as a percentage of all A/C/G/T bases [%]
LBC	1	30.57	19.99	18.78	30.66	0.08	0.00
LBC	2	30.61	20.07	18.89	30.43	0.03	0.00
LBC	3	30.81	19.95	18.75	30.49	0.02	0.00
LBC	4	30.88	20.01	18.61	30.50	0.03	0.00
LBC	5	30.88	19.90	18.75	30.47	0.02	0.00
LBC	6	30.63	19.88	18.82	30.67	0.02	0.00
LBC	7	30.62	19.70	18.80	30.88	0.02	0.00
LBC	8	30.71	20.07	18.59	30.63	0.02	0.00
LBC	9	30.85	19.87	18.73	30.55	0.03	0.00
LBC	10	30.68	19.94	18.62	30.76	0.02	0.00
LBC	11	30.71	20.03	18.84	30.41	0.02	0.00
LBC	12	30.64	20.00	18.75	30.60	0.03	0.00
LBC	13	30.72	19.80	18.88	30.60	0.02	0.00
LBC	14	30.59	19.99	18.90	30.52	0.03	0.00
LBC	15	30.64	19.94	18.82	30.60	0.03	0.00
LBC	16	30.82	19.80	18.78	30.60	0.04	0.00
LBC	17	30.84	19.87	18.80	30.49	0.06	0.00
LBC	18	30.63	19.94	18.88	30.54	0.03	0.00
LBC	19	30.90	19.74	18.67	30.69	0.03	0.00
LBC	20	30.87	19.88	18.65	30.61	0.03	0.00
LBC	21	30.89	19.70	18.67	30.75	0.03	0.00
LBC	22	30.70	19.88	18.50	30.92	0.03	0.00
LBC	23	30.68	19.91	18.90	30.51	0.03	0.00
LBC	24	30.67	20.08	18.80	30.44	0.04	0.00
LBC	25	30.80	19.75	18.72	30.74	0.03	0.00
LBC	26	30.60	19.99	18.68	30.74	0.03	0.00
LBC	27	30.94	19.78	18.65	30.63	0.03	0.00
LBC	28	30.83	19.70	18.74	30.73	0.03	0.00
LBC	29	30.82	19.71	18.58	30.89	0.05	0.00
LBC	30	30.73	19.81	18.62	30.84	0.04	0.00
LBC	31	30.87	19.70	18.75	30.68	0.04	0.00
LBC	32	30.76	20.12	18.58	30.55	0.03	0.00
LBC	33	30.76	19.80	18.77	30.67	0.04	0.00
LBC	34	30.75	19.99	18.75	30.51	0.06	0.00
LBC	35	30.77	19.64	18.78	30.81	0.03	0.00
LBC	36	30.63	20.05	18.69	30.64	0.05	0.00
LBC	37	30.95	19.78	18.48	30.80	0.03	0.00
LBC	38	30.77	19.84	18.77	30.63	0.04	0.00
LBC	39	30.66	20.00	18.75	30.60	0.04	0.00
LBC	40	30.71	19.74	18.55	31.00	0.04	0.00
LBC	41	30.51	20.14	18.65	30.70	0.04	0.00
LBC	42	30.69	19.82	18.74	30.75	0.04	0.00
LBC	43	30.84	19.79	18.54	30.82	0.04	0.00
LBC	44	30.75	19.87	18.63	30.75	0.03	0.00
LBC	45	30.81	19.75	18.71	30.72	0.04	0.00
LBC	46	30.73	19.82	18.70	30.75	0.04	0.00
LBC	47	30.70	19.77	18.80	30.73	0.04	0.00
LBC	48	30.89	19.85	18.58	30.68	0.06	0.00
LBC	49	30.92	19.77	18.76	30.55	0.05	0.00
LBC	50	30.75	19.86	18.78	30.60	0.05	0.00
LBC	51	30.82	19.92	18.49	30.77	0.05	0.00
LBC	52	30.94	19.69	18.66	30.71	0.05	0.00
LBC	53	30.71	19.90	18.67	30.72	0.04	0.00
LBC	54	30.83	19.78	18.72	30.67	0.05	0.00
LBC	55	30.87	19.70	18.59	30.84	0.06	0.00
LBC	56	30.65	20.02	18.60	30.73	0.05	0.00
LBC	57	30.88	19.67	18.65	30.80	0.05	0.00
LBC	58	30.59	19.93	18.58	30.91	0.06	0.00
LBC	59	30.80	19.70	18.62	30.88	0.06	0.00
LBC	60	30.88	19.73	18.76	30.63	0.05	0.00
LBC	61	30.81	19.68	18.74	30.77	0.07	0.00
LBC	62	30.59	19.84	18.91	30.65	0.05	0.00
LBC	63	30.69	19.72	18.82	30.77	0.06	0.00
LBC	64	30.61	19.86	18.59	30.94	0.06	0.00
LBC	65	30.73	19.89	18.83	30.55	0.07	0.00
LBC	66	30.62	19.99	18.73	30.66	0.06	0.00
LBC	67	30.74	19.88	18.61	30.77	0.06	0.00
LBC	68	30.59	19.82	18.80	30.78	0.06	0.00
LBC	69	30.55	19.89	18.71	30.84	0.06	0.00
LBC	70	30.74	19.83	18.71	30.72	0.05	0.00
LBC	71	30.73	19.77	18.75	30.76	0.07	0.00
LBC	72	30.92	19.83	18.63	30.62	0.07	0.00
LBC	73	30.66	19.92	18.66	30.76	0.06	0.00
LBC	74	30.80	19.77	18.70	30.73	0.06	0.00
LBC	75	30.54	20.08	18.84	30.54	0.07	0.00
LBC	76	30.69	19.76	18.88	30.67	0.06	0.00
LBC	77	30.51	20.23	18.76	30.49	0.06	0.00
LBC	78	30.70	19.86	18.85	30.58	0.08	0.00
LBC	79	30.47	20.07	18.79	30.67	0.05	0.00
LBC	80	30.48	19.85	18.95	30.72	0.07	0.00
LBC	81	30.51	20.14	18.83	30.52	0.05	0.00
# ACGT raw counters for last fragments. Use `grep ^LTC | cut -f 2-` to extract this part. The columns are: A,C,G,T,N base counters
LTC	40885171	26437465	24906918	40817588	58623
# Insert sizes. Use `grep ^IS | cut -f 2-` to extract this part. The columns are: insert size, pairs total, inward oriented pairs, outward oriented pairs, other pairs
IS	0	0	0	0	0
IS	1	0	0	0	0
IS	2	5	0	5	0
IS	3	5	0	5	0
IS	4	5	0	5	0
IS	5	6	0	6	0
IS	6	5	0	5	0
IS	7	9	0	9	0
IS	8	7	0	7	0
IS	9	9	0	9	0
IS	10	7	0	7	0
IS	11	5	0	5	0
IS	12	3	0	3	0
IS	13	6	0	6	0
IS	14	14	0	14	0
IS	15	5	0	5	0
IS	16	12	0	11	1
IS	17	3	0	3	0
IS	18	6	0	6	0
IS	19	183	77	106	0
IS	20	113	62	51	0
IS	21	136	53	82	1
IS	22	50	21	29	0
IS	23	54	28	26	0
IS	24	39	14	25	0
IS	25	49	21	28	0
IS	26	22	10	12	0
IS	27	41	16	25	0
IS	28	26	9	17	0
IS	29	41	10	31	0
IS	30	25	9	16	0
IS	31	48	23	25	0
IS	32	24	7	17	0
IS	33	39	5	33	1
IS	34	40	18	22	0
IS	35	49	24	25	0
IS	36	45	14	29	2
IS	37	26	7	19	0
IS	38	40	17	22	1
IS	39	36	13	22	1
IS	40	49	13	35	1
IS	41	50	12	35	3
IS	42	71	15	56	0
IS	43	87	42	43	2
IS	44	51	14	34	3
IS	45	50	17	32	1
IS	46	69	20	48	1
IS	47	100	36	64	0
IS	48	59	21	37	1
IS	49	66	21	44	1
IS	50	84	21	63	0
IS	51	111	37	73	1
IS	52	119	32	86	1
IS	53	92	25	67	0
IS	54	3639	38	3600	1
IS	55	3751	43	3708	0
IS	56	3950	30	3919	1
IS	57	4056	45	4009	2
IS	58	4039	43	3996	0
IS	59	4125	60	4064	1
IS	60	4045	37	4007	1
IS	61	4001	35	3966	0
IS	62	4101	52	4048	1
IS	63	4021	58	3963	0
IS	64	3925	34	3890	1
IS	65	4248	55	4193	0
IS	66	4238	45	4190	3
IS	67	4371	53	4317	1
IS	68	4384	59	4325	0
IS	69	4432	48	4384	0
IS	70	4402	48	4354	0
IS	71	4451	59	4392	0
IS	72	4517	58	4458	1
IS	73	4517	77	4437	3
IS	74	4494	78	4416	0
IS	75	4572	78	4493	1
IS	76	4680	77	4603	0
IS	77	4683	85	4598	0
IS	78	4683	98	4585	0
IS	79	4757	80	4676	1
IS	80	4632	110	4522	0
IS	81	4809	2402	2407	0
IS	82	4665	4593	72	0
IS	83	4767	4728	37	2
IS	84	4700	4681	18	1
IS	85	4691	4671	20	0
IS	86	4886	4842	43	1
IS	87	4830	4819	9	2
IS	88	4961	4932	29	0
IS	89	4870	4854	16	0
IS	90	4992	4976	14	2
IS	91	5026	5014	11	1
IS	92	4875	4870	5	0
IS	93	4909	4902	6	1
IS	94	4849	4845	4	0
IS	95	4931	4927	4	0
IS	96	4899	4896	2	1
IS	97	5120	5114	4	2
IS	98	5107	5105	2	0
IS	99	5206	5205	1	0
IS	100	5355	5353	1	1
IS	101	5203	5202	0	1
IS	102	5133	5130	2	1
IS	103	5177	5174	2	1
IS	104	5014	5014	0	0
IS	105	5199	5199	0	0
IS	106	5157	5156	0	1
IS	107	5155	5152	1	2
IS	108	5171	5170	1	0
IS	109	5214	5212	1	1
IS	110	5276	5275	0	1
IS	111	5396	5395	1	0
IS	112	5388	5388	0	0
IS	113	5320	5320	0	0
IS	114	5291	5291	0	0
IS	115	5282	5281	1	0
IS	116	5369	5369	0	0
IS	117	5320	5319	0	1
IS	118	5278	5278	0	0
IS	119	5333	5332	1	0
IS	120	5385	5382	2	1
IS	121	5436	5433	2	1
IS	122	5239	5236	0	3
IS	123	5283	5281	1	1
IS	124	5221	5220	0	1
IS	125	5279	5278	0	1
IS	126	5399	5397	0	2
IS	127	5239	5236	1	2
IS	128	5352	5352	0	0
IS	129	5344	5344	0	0
IS	130	5380	5379	1	0
IS	131	5488	5488	0	0
IS	132	5354	5354	0	0
IS	133	5203	5203	0	0
IS	134	5323	5322	0	1
IS	135	5251	5250	0	1
IS	136	5337	5337	0	0
IS	137	5322	5320	1	1
IS	138	5228	5228	0	0
IS	139	5163	5162	1	0
IS	140	5418	5415	2	1
IS	141	5334	5333	0	1
IS	142	5574	5573	0	1
IS	143	5211	5210	0	1
IS	144	5345	5344	1	0
IS	145	5229	5229	0	0
IS	146	5350	5348	2	0
IS	147	5112	5110	2	0
IS	148	5284	5283	0	1
IS	149	5289	5288	0	1
IS	150	5284	5283	0	1
IS	151	5266	5265	0	1
IS	152	5294	5292	1	1
IS	153	5311	5311	0	0
IS	154	5305	5303	2	0
IS	155	5314	5314	0	0
IS	156	5245	5242	1	2
IS	157	5191	5191	0	0
IS	158	5247	5246	0	1
IS	159	5120	5118	1	1
IS	160	5313	5312	1	0
IS	161	5272	5269	1	2
IS	162	5268	5265	3	0
IS	163	5072	5072	0	0
IS	164	5133	5133	0	0
IS	165	5119	5118	0	1
IS	166	5249	5248	0	1
IS	167	5054	5054	0	0
IS	168	5184	5184	0	0
IS	169	4918	4917	0	1
IS	170	5123	5121	1	1
IS	171	5100	5100	0	0
IS	172	5116	5116	0	0
IS	173	5232	5230	2	0
IS	174	5059	5058	1	0
IS	175	5034	5034	0	0
IS	176	5064	5063	0	1
IS	177	4993	4991	0	2
IS	178	4864	4861	2	1
IS	179	5057	5056	1	0
IS	180	4935	4934	1	0
IS	181	4936	4934	1	1
IS	182	5077	5077	0	0
IS	183	5132	5130	1	1
IS	184	5071	5071	0	0
IS	185	5097	5096	1	0
IS	186	4875	4875	0	0
IS	187	4981	4981	0	0
IS	188	4900	4900	0	0
IS	189	4948	4948	0	0
IS	190	4861	4859	2	0
IS	191	4844	4843	0	1
IS	192	4906	4906	0	0
IS	193	4899	4899	0	0
IS	194	4793	4791	1	1
IS	195	4784	4784	0	0
IS	196	4693	4692	0	1
IS	197	4716	4716	0	0
IS	198	4701	4701	0	0
IS	199	4654	4652	1	1
IS	200	4636	4635	1	0
IS	201	4666	4664	1	1
IS	202	4719	4719	0	0
IS	203	4791	4791	0	0
IS	204	4743	4742	0	1
IS	205	4621	4621	0	0
IS	206	4664	4664	0	0
IS	207	4404	4402	2	0
IS	208	4606	4604	0	2
IS	209	4476	4475	1	0
IS	210	4510	4510	0	0
IS	211	4500	4500	0	0
IS	212	4424	4421	3	0
IS	213	4485	4483	2	0
IS	214	4494	4494	0	0
IS	215	4566	4565	0	1
IS	216	4329	4329	0	0
IS	217	4345	4345	0	0
IS	218	4328	4326	0	2
IS	219	4319	4317	0	2
IS	220	4442	4439	2	1
IS	221	4146	4146	0	0
IS	222	4233	4233	0	0
IS	223	4331	4329	1	1
IS	224	4348	4347	0	1
IS	225	4275	4272	0	3
IS	226	4279	4277	0	2
IS	227	4146	4145	1	0
IS	228	4297	4297	0	0
IS	229	4131	4131	0	0
IS	230	4151	4151	0	0
IS	231	4056	4055	0	1
IS	232	4103	4103	0	0
IS	233	4213	4212	0	1
IS	234	4150	4146	4	0
IS	235	4144	4143	1	0
IS	236	4130	4129	1	0
IS	237	3984	3984	0	0
IS	238	4034	4034	0	0
IS	239	3985	3985	0	0
IS	240	4050	4049	0	1
IS	241	3836	3834	2	0
IS	242	3946	3944	0	2
IS	243	3866	3865	0	1
IS	244	4016	4015	1	0
IS	245	3998	3997	1	0
IS	246	3976	3976	0	0
IS	247	3912	3912	0	0
IS	248	3813	3812	0	1
IS	249	3860	3860	0	0
IS	250	3745	3743	1	1
IS	251	3772	3768	3	1
IS	252	3728	3728	0	0
IS	253	3654	3653	0	1
IS	254	3824	3824	0	0
IS	255	3744	3744	0	0
IS	256	3846	3846	0	0
IS	257	3766	3766	0	0
IS	258	3610	3609	1	0
IS	259	3614	3614	0	0
IS	260	3641	3640	0	1
IS	261	3610	3609	0	1
IS	262	3433	3433	0	0
IS	263	3702	3701	0	1
IS	264	3491	3491	0	0
IS	265	3565	3565	0	0
IS	266	3558	3558	0	0
IS	267	3590	3589	1	0
IS	268	3590	3590	0	0
IS	269	3483	3483	0	0
IS	270	3575	3574	1	0
IS	271	3477	3477	0	0
IS	272	3414	3413	0	1
IS	273	3483	3482	1	0
IS	274	3347	3347	0	0
IS	275	3408	3408	0	0
IS	276	3450	3450	0	0
IS	277	3347	3347	0	0
IS	278	3403	3403	0	0
IS	279	3411	3410	0	1
IS	280	3354	3354	0	0
IS	281	3312	3309	3	0
IS	282	3245	3245	0	0
IS	283	3157	3157	0	0
IS	284	3281	3280	1	0
IS	285	3175	3175	0	0
IS	286	3209	3208	0	1
IS	287	3221	3220	0	1
IS	288	3199	3196	1	2
IS	289	3009	3009	0	0
IS	290	3318	3318	0	0
IS	291	3090	3088	0	2
IS	292	3156	3155	1	0
IS	293	3235	3234	0	1
IS	294	3007	3004	3	0
IS	295	3016	3016	0	0
IS	296	3210	3207	2	1
IS	297	3095	3095	0	0
IS	298	3025	3025	0	0
IS	299	3079	3078	1	0
IS	300	3052	3051	1	0
IS	301	2922	2922	0	0
IS	302	3037	3035	2	0
IS	303	2907	2906	0	1
IS	304	2865	2864	1	0
IS	305	2940	2938	1	1
IS	306	2842	2842	0	0
IS	307	3065	3064	0	1
IS	308	2865	2864	0	1
IS	309	3036	3036	0	0
IS	310	2817	2817	0	0
IS	311	2909	2909	0	0
IS	312	2772	2772	0	0
IS	313	2765	2765	0	0
IS	314	2867	2866	1	0
IS	315	2920	2919	0	1
IS	316	2726	2725	1	0
IS	317	2811	2811	0	0
IS	318	2772	2771	1	0
IS	319	2913	2913	0	0
IS	320	2755	2755	0	0
IS	321	2726	2726	0	0
IS	322	2694	2693	0	1
IS	323	2687	2686	1	0
IS	324	2751	2751	0	0
IS	325	2556	2554	1	1
IS	326	2642	2642	0	0
IS	327	2563	2562	0	1
IS	328	2631	2629	0	2
IS	329	2663	2663	0	0
IS	330	2650	2650	0	0
IS	331	2523	2523	0	0
IS	332	2540	2539	1	0
IS	333	2576	2575	1	0
IS	334	2525	2524	1	0
IS	335	2483	2483	0	0
IS	336	2477	2477	0	0
IS	337	2488	2488	0	0
IS	338	2437	2437	0	0
IS	339	2364	2362	2	0
IS	340	2383	2380	2	1
IS	341	2484	2484	0	0
IS	342	2458	2457	1	0
IS	343	2385	2385	0	0
IS	344	2388	2388	0	0
IS	345	2369	2368	0	1
IS	346	2389	2386	2	1
IS	347	2300	2300	0	0
IS	348	2305	2303	1	1
IS	349	2357	2356	1	0
IS	350	2354	2352	2	0
IS	351	2338	2337	1	0
IS	352	2257	2256	1	0
IS	353	2260	2260	0	0
IS	354	2191	2191	0	0
IS	355	2321	2321	0	0
IS	356	2228	2228	0	0
IS	357	2343	2343	0	0
IS	358	2136	2136	0	0
IS	359	2213	2213	0	0
IS	360	2248	2248	0	0
IS	361	2257	2256	1	0
IS	362	2162	2162	0	0
IS	363	2109	2109	0	0
IS	364	2124	2122	0	2
IS	365	2158	2157	1	0
IS	366	2077	2077	0	0
IS	367	2121	2121	0	0
IS	368	2090	2090	0	0
IS	369	2045	2045	0	0
IS	370	2056	2056	0	0
IS	371	2062	2062	0	0
IS	372	2031	2031	0	0
IS	373	2080	2079	1	0
IS	374	1962	1962	0	0
IS	375	1956	1956	0	0
IS	376	1940	1940	0	0
IS	377	1962	1961	0	1
IS	378	1999	1999	0	0
IS	379	1942	1940	1	1
IS	380	1940	1940	0	0
IS	381	1973	1973	0	0
IS	382	1971	1971	0	0
IS	383	1982	1981	0	1
IS	384	1933	1933	0	0
IS	385	1836	1835	1	0
IS	386	1844	1844	0	0
IS	387	1826	1825	1	0
IS	388	1811	1811	0	0
IS	389	1825	1824	1	0
IS	390	1789	1789	0	0
IS	391	1801	1800	0	1
IS	392	1736	1736	0	0
IS	393	1764	1764	0	0
IS	394	1795	1795	0	0
IS	395	1793	1792	1	0
IS	396	1857	1857	0	0
IS	397	1741	1741	0	0
IS	398	1750	1750	0	0
IS	399	1649	1649	0	0
IS	400	1704	1703	0	1
IS	401	1647	1646	0	1
IS	402	1776	1775	1	0
IS	403	1750	1750	0	0
IS	404	1667	1664	2	1
IS	405	1745	1743	1	1
IS	406	1635	1635	0	0
IS	407	1625	1624	1	0
IS	408	1681	1681	0	0
IS	409	1656	1656	0	0
IS	410	1610	1609	1	0
IS	411	1637	1635	2	0
IS	412	1556	1556	0	0
IS	413	1714	1713	1	0
IS	414	1606	1606	0	0
IS	415	1566	1566	0	0
IS	416	1519	1519	0	0
IS	417	1491	1490	1	0
IS	418	1538	1537	1	0
IS	419	1558	1557	0	1
IS	420	1534	1534	0	0
IS	421	1522	1521	0	1
IS	422	1494	1493	1	0
IS	423	1367	1366	0	1
IS	424	1452	1452	0	0
IS	425	1484	1484	0	0
IS	426	1548	1548	0	0
IS	427	1558	1558	0	0
IS	428	1497	1496	0	1
IS	429	1444	1444	0	0
IS	430	1441	1440	0	1
IS	431	1409	1408	0	1
IS	432	1413	1413	0	0
IS	433	1426	1426	0	0
IS	434	1425	1425	0	0
IS	435	1395	1395	0	0
IS	436	1394	1393	1	0
IS	437	1400	1400	0	0
IS	438	1406	1406	0	0
IS	439	1512	1512	0	0
IS	440	1325	1325	0	0
IS	441	1315	1314	0	1
IS	442	1341	1340	0	1
IS	443	1297	1296	1	0
IS	444	1350	1350	0	0
IS	445	1260	1260	0	0
IS	446	1391	1391	0	0
IS	447	1266	1266	0	0
IS	448	1287	1286	1	0
IS	449	1292	1292	0	0
IS	450	1293	1291	1	1
IS	451	1275	1275	0	0
IS	452	1267	1266	0	1
IS	453	1295	1294	1	0
IS	454	1189	1189	0	0
IS	455	1221	1221	0	0
IS	456	1264	1264	0	0
IS	457	1261	1261	0	0
IS	458	1241	1241	0	0
IS	459	1249	1249	0	0
IS	460	1232	1232	0	0
IS	461	1290	1289	0	1
IS	462	1228	1228	0	0
IS	463	1155	1155	0	0
IS	464	1181	1181	0	0
IS	465	1181	1181	0	0
IS	466	1157	1157	0	0
IS	467	1102	1102	0	0
IS	468	1229	1229	0	0
IS	469	1124	1124	0	0
IS	470	1097	1096	0	1
IS	471	1135	1135	0	0
IS	472	1121	1118	2	1
IS	473	1107	1106	0	1
IS	474	1093	1093	0	0
IS	475	1185	1184	0	1
IS	476	1139	1139	0	0
IS	477	1141	1141	0	0
IS	478	1075	1075	0	0
IS	479	1048	1047	0	1
IS	480	961	961	0	0
IS	481	1112	1112	0	0
IS	482	1004	1004	0	0
IS	483	1044	1044	0	0
IS	484	977	977	0	0
IS	485	1029	1028	1	0
IS	486	1060	1060	0	0
IS	487	1029	1029	0	0
IS	488	995	995	0	0
IS	489	1026	1026	0	0
IS	490	988	988	0	0
IS	491	1003	1003	0	0
IS	492	965	964	1	0
IS	493	975	975	0	0
IS	494	957	957	0	0
IS	495	952	952	0	0
IS	496	944	943	1	0
IS	497	962	962	0	0
IS	498	999	999	0	0
IS	499	972	971	0	1
IS	500	934	934	0	0
IS	501	974	973	1	0
IS	502	944	944	0	0
IS	503	971	970	1	0
IS	504	941	941	0	0
IS	505	919	917	2	0
IS	506	916	916	0	0
IS	507	921	920	1	0
IS	508	866	865	0	1
IS	509	843	842	0	1
IS	510	846	846	0	0
IS	511	852	852	0	0
IS	512	863	863	0	0
IS	513	878	878	0	0
IS	514	855	855	0	0
IS	515	864	864	0	0
IS	516	799	799	0	0
IS	517	842	842	0	0
IS	518	812	811	1	0
IS	519	896	896	0	0
IS	520	830	830	0	0
IS	521	811	811	0	0
IS	522	801	801	0	0
IS	523	791	791	0	0
IS	524	790	790	0	0
IS	525	785	785	0	0
IS	526	816	814	0	2
IS	527	800	799	1	0
IS	528	763	762	0	1
IS	529	849	849	0	0
IS	530	814	814	0	0
IS	531	748	746	2	0
IS	532	771	771	0	0
IS	533	728	728	0	0
IS	534	722	722	0	0
IS	535	733	733	0	0
IS	536	719	718	0	1
IS	537	748	748	0	0
IS	538	717	717	0	0
IS	539	742	741	0	1
IS	540	727	726	0	1
IS	541	762	760	1	1
IS	542	706	705	0	1
IS	543	665	665	0	0
IS	544	686	686	0	0
IS	545	725	725	0	0
IS	546	721	720	1	0
IS	547	705	705	0	0
IS	548	691	690	1	0
IS	549	676	675	0	1
IS	550	705	705	0	0
IS	551	609	609	0	0
IS	552	707	707	0	0
IS	553	663	663	0	0
IS	554	627	627	0	0
IS	555	632	632	0	0
IS	556	646	644	0	2
IS	557	692	692	0	0
IS	558	712	712	0	0
IS	559	640	639	0	1
IS	560	636	635	0	1
IS	561	608	607	1	0
IS	562	645	644	1	0
IS	563	606	606	0	0
IS	564	618	618	0	0
IS	565	593	593	0	0
IS	566	624	624	0	0
IS	567	595	595	0	0
IS	568	620	620	0	0
IS	569	612	611	1	0
IS	570	589	588	1	0
IS	571	548	548	0	0
IS	572	629	628	0	1
IS	573	610	610	0	0
IS	574	596	595	1	0
IS	575	597	597	0	0
IS	576	608	608	0	0
IS	577	560	559	0	1
IS	578	597	597	0	0
IS	579	532	532	0	0
IS	580	500	500	0	0
IS	581	545	544	0	1
IS	582	568	566	0	2
IS	583	544	544	0	0
IS	584	516	515	0	1
IS	585	518	518	0	0
IS	586	520	518	2	0
IS	587	477	477	0	0
IS	588	525	525	0	0
IS	589	534	534	0	0
IS	590	534	534	0	0
IS	591	516	516	0	0
IS	592	539	539	0	0
IS	593	521	521	0	0
IS	594	489	489	0	0
IS	595	523	523	0	0
IS	596	495	495	0	0
IS	597	505	505	0	0
IS	598	502	502	0	0
IS	599	512	512	0	0
IS	600	499	497	0	2
IS	601	510	509	1	0
IS	602	471	471	0	0
IS	603	474	474	0	0
IS	604	437	437	0	0
IS	605	483	483	0	0
IS	606	470	470	0	0
IS	607	425	425	0	0
IS	608	443	443	0	0
IS	609	486	485	0	1
IS	610	430	430	0	0
IS	611	465	465	0	0
IS	612	433	433	0	0
IS	613	451	450	0	1
IS	614	448	448	0	0
IS	615	440	440	0	0
IS	616	427	427	0	0
IS	617	464	464	0	0
IS	618	433	433	0	0
IS	619	413	413	0	0
IS	620	397	397	0	0
IS	621	403	402	1	0
IS	622	453	453	0	0
IS	623	418	418	0	0
IS	624	441	441	0	0
IS	625	383	382	1	0
IS	626	413	413	0	0
IS	627	390	389	0	1
IS	628	419	418	1	0
IS	629	388	388	0	0
IS	630	398	398	0	0
IS	631	375	375	0	0
IS	632	345	345	0	0
IS	633	412	411	0	1
IS	634	419	419	0	0
IS	635	384	384	0	0
IS	636	375	375	0	0
IS	637	360	360	0	0
IS	638	343	343	0	0
IS	639	391	391	0	0
IS	640	351	351	0	0
IS	641	364	364	0	0
IS	642	397	397	0	0
IS	643	359	359	0	0
IS	644	358	357	1	0
IS	645	400	400	0	0
IS	646	377	376	0	1
IS	647	372	372	0	0
IS	648	377	377	0	0
IS	649	341	341	0	0
IS	650	345	345	0	0
IS	651	327	327	0	0
IS	652	372	371	1	0
IS	653	354	354	0	0
IS	654	337	337	0	0
IS	655	328	328	0	0
IS	656	328	328	0	0
IS	657	324	324	0	0
IS	658	337	337	0	0
IS	659	355	355	0	0
IS	660	334	333	0	1
IS	661	310	310	0	0
IS	662	344	344	0	0
IS	663	344	344	0	0
IS	664	332	332	0	0
IS	665	282	282	0	0
IS	666	322	322	0	0
IS	667	294	294	0	0
IS	668	317	317	0	0
IS	669	321	321	0	0
IS	670	318	318	0	0
IS	671	301	301	0	0
IS	672	305	304	0	1
IS	673	301	300	0	1
IS	674	296	296	0	0
IS	675	280	280	0	0
IS	676	308	308	0	0
IS	677	314	314	0	0
IS	678	302	301	1	0
IS	679	298	298	0	0
IS	680	279	279	0	0
IS	681	268	268	0	0
IS	682	284	284	0	0
IS	683	264	264	0	0
IS	684	292	292	0	0
IS	685	284	283	1	0
IS	686	296	295	1	0
IS	687	277	277	0	0
IS	688	254	254	0	0
IS	689	249	249	0	0
IS	690	244	244	0	0
IS	691	275	275	0	0
IS	692	268	268	0	0
IS	693	316	316	0	0
IS	694	249	249	0	0
IS	695	273	273	0	0
IS	696	284	284	0	0
IS	697	246	246	0	0
IS	698	265	265	0	0
IS	699	268	267	1	0
IS	700	265	265	0	0
IS	701	258	258	0	0
IS	702	244	244	0	0
IS	703	257	257	0	0
IS	704	239	239	0	0
IS	705	258	257	0	1
IS	706	231	231	0	0
IS	707	252	252	0	0
IS	708	238	238	0	0
IS	709	245	244	1	0
IS	710	245	244	1	0
IS	711	245	243	2	0
IS	712	241	241	0	0
IS	713	229	229	0	0
IS	714	263	263	0	0
IS	715	219	219	0	0
IS	716	210	210	0	0
IS	717	215	215	0	0
IS	718	249	249	0	0
IS	719	200	199	0	1
IS	720	210	210	0	0
IS	721	220	220	0	0
IS	722	213	212	1	0
IS	723	233	232	1	0
IS	724	197	197	0	0
IS	725	231	230	0	1
IS	726	237	237	0	0
IS	727	229	229	0	0
IS	728	217	217	0	0
IS	729	212	212	0	0
IS	730	207	206	0	1
IS	731	178	178	0	0
IS	732	217	217	0	0
IS	733	198	198	0	0
IS	734	199	199	0	0
IS	735	187	185	1	1
IS	736	180	179	1	0
IS	737	178	178	0	0
IS	738	188	188	0	0
IS	739	195	195	0	0
IS	740	210	210	0	0
IS	741	194	193	1	0
IS	742	182	181	0	1
IS	743	194	194	0	0
IS	744	170	170	0	0
IS	745	163	162	1	0
IS	746	183	183	0	0
IS	747	177	177	0	0
IS	748	167	167	0	0
IS	749	172	172	0	0
IS	750	194	194	0	0
IS	751	178	178	0	0
IS	752	161	161	0	0
IS	753	180	180	0	0
IS	754	168	168	0	0
IS	755	190	190	0	0
IS	756	171	171	0	0
IS	757	163	163	0	0
IS	758	173	173	0	0
IS	759	168	168	0	0
IS	760	166	165	1	0
IS	761	175	175	0	0
IS	762	165	165	0	0
IS	763	169	169	0	0
IS	764	148	148	0	0
IS	765	133	133	0	0
IS	766	144	144	0	0
IS	767	163	163	0	0
IS	768	143	142	1	0
IS	769	151	151	0	0
IS	770	157	157	0	0
IS	771	157	156	0	1
IS	772	155	155	0	0
IS	773	155	155	0	0
IS	774	166	166	0	0
IS	775	137	136	0	1
IS	776	153	153	0	0
IS	777	145	145	0	0
IS	778	136	134	2	0
IS	779	135	134	1	0
IS	780	127	127	0	0
IS	781	135	135	0	0
IS	782	138	138	0	0
IS	783	140	140	0	0
IS	784	132	132	0	0
IS	785	138	138	0	0
IS	786	142	142	0	0
IS	787	120	120	0	0
IS	788	133	133	0	0
IS	789	141	141	0	0
IS	790	119	119	0	0
IS	791	137	137	0	0
IS	792	128	128	0	0
IS	793	124	124	0	0
IS	794	132	132	0	0
IS	795	132	132	0	0
IS	796	117	117	0	0
IS	797	140	140	0	0
IS	798	143	143	0	0
IS	799	121	121	0	0
IS	800	112	111	1	0
IS	801	144	144	0	0
IS	802	121	121	0	0
IS	803	106	105	0	1
IS	804	115	114	0	1
IS	805	119	119	0	0
IS	806	112	112	0	0
IS	807	92	92	0	0
IS	808	113	113	0	0
IS	809	107	107	0	0
IS	810	115	115	0	0
IS	811	112	112	0	0
IS	812	115	115	0	0
IS	813	116	115	1	0
IS	814	127	127	0	0
IS	815	109	109	0	0
IS	816	108	108	0	0
IS	817	115	115	0	0
# Read lengths. Use `grep ^RL | cut -f 2-` to extract this part. The columns are: read length, count
RL	1	1
RL	7	1
RL	13	1
RL	14	1
RL	16	1
RL	17	3
RL	18	2
RL	19	3
RL	20	3
RL	22	6
RL	23	5
RL	24	2
RL	25	10
RL	26	7
RL	27	5
RL	28	4
RL	29	5
RL	30	6
RL	31	4
RL	32	4
RL	33	3
RL	34	5
RL	35	7
RL	36	14
RL	37	11
RL	38	11
RL	39	3
RL	40	6
RL	41	11
RL	42	8
RL	43	10
RL	44	10
RL	45	16
RL	46	13
RL	47	11
RL	48	7
RL	49	15
RL	50	10
RL	51	9
RL	52	6
RL	53	7
RL	54	9
RL	55	9
RL	56	16
RL	57	12
RL	58	12
RL	59	8
RL	60	9
RL	61	15
RL	62	14
RL	63	6
RL	64	11
RL	81	3286264
# Read lengths - first fragments. Use `grep ^FRL | cut -f 2-` to extract this part. The columns are: read length, count
FRL	1	1
FRL	13	1
FRL	17	2
FRL	18	1
FRL	19	3
FRL	20	2
FRL	22	4
FRL	23	2
FRL	24	1
FRL	25	7
FRL	26	6
FRL	27	4
FRL	28	3
FRL	29	3
FRL	30	4
FRL	31	2
FRL	32	3
FRL	33	1
FRL	34	4
FRL	35	5
FRL	36	10
FRL	37	8
FRL	38	10
FRL	39	2
FRL	40	4
FRL	41	9
FRL	42	6
FRL	43	6
FRL	44	8
FRL	45	13
FRL	46	10
FRL	47	9
FRL	48	6
FRL	49	10
FRL	50	8
FRL	51	7
FRL	52	6
FRL	53	4
FRL	54	9
FRL	55	8
FRL	56	14
FRL	57	9
FRL	58	9
FRL	59	6
FRL	60	7
FRL	61	12
FRL	62	13
FRL	63	4
FRL	64	10
FRL	81	1643030
# Read lengths - last fragments. Use `grep ^LRL | cut -f 2-` to extract this part. The columns are: read length, count
LRL	7	1
LRL	14	1
LRL	16	1
LRL	17	1
LRL	18	1
LRL	20	1
LRL	22	2
LRL	23	3
LRL	24	1
LRL	25	3
LRL	26	1
LRL	27	1
LRL	28	1
LRL	29	2
LRL	30	2
LRL	31	2
LRL	32	1
LRL	33	2
LRL	34	1
LRL	35	2
LRL	36	4
LRL	37	3
LRL	38	1
LRL	39	1
LRL	40	2
LRL	41	2
LRL	42	2
LRL	43	4
LRL	44	2
LRL	45	3
LRL	46	3
LRL	47	2
LRL	48	1
LRL	49	5
LRL	50	2
LRL	51	2
LRL	53	3
LRL	55	1
LRL	56	2
LRL	57	3
LRL	58	3
LRL	59	2
LRL	60	2
LRL	61	3
LRL	62	1
LRL	63	2
LRL	64	1
LRL	81	1643234
# Indel distribution. Use `grep ^ID | cut -f 2-` to extract this part. The columns are: length, number of insertions, number of deletions
ID	1	21729	33379
ID	2	4785	9270
ID	3	2244	7144
ID	4	1124	4503
ID	5	677	1050
ID	6	662	969
ID	7	130	223
ID	8	170	194
ID	9	167	3659
ID	10	115	1787
ID	11	76	410
ID	12	126	282
ID	13	24	38
ID	14	22	68
ID	15	19	119
ID	16	26	2393
ID	17	13	22
ID	18	27	52
ID	19	1	24
ID	20	0	38
ID	21	10	29
ID	22	0	6
ID	23	5	3
ID	24	0	23
ID	25	0	1
ID	26	0	3
ID	28	0	2
ID	29	0	7
ID	30	0	1
# Indels per cycle. Use `grep ^IC | cut -f 2-` to extract this part. The columns are: cycle, number of insertions (fwd), .. (rev) , number of deletions (fwd), .. (rev)
IC	3	0	1	105	114
IC	4	88	82	125	125
IC	5	114	113	143	140
IC	6	125	121	158	153
IC	7	127	103	151	174
IC	8	153	175	194	171
IC	9	149	164	223	196
IC	10	182	139	263	272
IC	11	181	154	258	313
IC	12	189	154	392	395
IC	13	194	193	399	392
IC	14	189	214	311	308
IC	15	225	211	346	332
IC	16	200	231	402	398
IC	17	246	217	440	426
IC	18	247	240	549	585
IC	19	243	216	355	380
IC	20	258	246	448	394
IC	21	209	215	528	485
IC	22	249	265	484	435
IC	23	225	254	531	525
IC	24	233	243	472	475
IC	25	258	197	523	444
IC	26	231	275	463	440
IC	27	257	282	434	416
IC	28	230	229	522	488
IC	29	224	293	518	516
IC	30	255	227	444	469
IC	31	235	263	456	483
IC	32	210	232	456	460
IC	33	248	271	589	602
IC	34	255	222	453	443
IC	35	218	250	614	657
IC	36	239	279	559	564
IC	37	289	239	553	520
IC	38	225	262	605	558
IC	39	240	258	560	639
IC	40	269	251	747	785
IC	41	254	241	478	479
IC	42	270	248	580	542
IC	43	265	221	517	497
IC	44	291	260	600	580
IC	45	212	271	1083	1062
IC	46	228	280	723	705
IC	47	279	240	631	604
IC	48	285	267	514	457
IC	49	239	239	483	409
IC	50	281	262	475	501
IC	51	208	229	504	452
IC	52	260	260	469	372
IC	53	278	246	489	443
IC	54	230	225	460	437
IC	55	216	236	416	400
IC	56	227	221	498	495
IC	57	226	216	367	416
IC	58	254	218	480	483
IC	59	211	208	479	457
IC	60	235	246	425	472
IC	61	255	245	817	698
IC	62	234	247	688	683
IC	63	244	221	570	563
IC	64	224	229	463	452
IC	65	167	169	371	347
IC	66	209	175	355	399
IC	67	216	208	368	319
IC	68	211	179	261	292
IC	69	175	175	311	316
IC	70	167	150	264	293
IC	71	154	143	445	386
IC	72	124	171	246	265
IC	73	148	127	392	419
IC	74	108	128	278	270
IC	75	117	113	176	177
IC	76	104	129	177	188
IC	77	137	176	219	232
IC	78	229	271	307	313
# Coverage distribution. Use `grep ^COV | cut -f 2-` to extract this part.
COV	[1-1]	1	40754
COV	[2-2]	2	31673
COV	[3-3]	3	29486
COV	[4-4]	4	33255
COV	[5-5]	5	41656
COV	[6-6]	6	58543
COV	[7-7]	7	85516
COV	[8-8]	8	126200
COV	[9-9]	9	180483
COV	[10-10]	10	248224
COV	[11-11]	11	329871
COV	[12-12]	12	414280
COV	[13-13]	13	509505
COV	[14-14]	14	589859
COV	[15-15]	15	667485
COV	[16-16]	16	720841
COV	[17-17]	17	756416
COV	[18-18]	18	771844
COV	[19-19]	19	763360
COV	[20-20]	20	735548
COV	[21-21]	21	686776
COV	[22-22]	22	626915
COV	[23-23]	23	561152
COV	[24-24]	24	489914
COV	[25-25]	25	421600
COV	[26-26]	26	356649
COV	[27-27]	27	295674
COV	[28-28]	28	241681
COV	[29-29]	29	195652
COV	[30-30]	30	154547
COV	[31-31]	31	122358
COV	[32-32]	32	95198
COV	[33-33]	33	73238
COV	[34-34]	34	56770
COV	[35-35]	35	42774
COV	[36-36]	36	32743
COV	[37-37]	37	25186
COV	[38-38]	38	18907
COV	[39-39]	39	14173
COV	[40-40]	40	11099
COV	[41-41]	41	8737
COV	[42-42]	42	7052
COV	[43-43]	43	5809
COV	[44-44]	44	4952
COV	[45-45]	45	4288
COV	[46-46]	46	3540
COV	[47-47]	47	3349
COV	[48-48]	48	2802
COV	[49-49]	49	2866
COV	[50-50]	50	2539
COV	[51-51]	51	2269
COV	[52-52]	52	2082
COV	[53-53]	53	1950
COV	[54-54]	54	1938
COV	[55-55]	55	1713
COV	[56-56]	56	1727
COV	[57-57]	57	1618
COV	[58-58]	58	1360
COV	[59-59]	59	1319
COV	[60-60]	60	1298
COV	[61-61]	61	1206
COV	[62-62]	62	1099
COV	[63-63]	63	1070
COV	[64-64]	64	971
COV	[65-65]	65	1025
COV	[66-66]	66	1001
COV	[67-67]	67	994
COV	[68-68]	68	937
COV	[69-69]	69	891
COV	[70-70]	70	763
COV	[71-71]	71	771
COV	[72-72]	72	670
COV	[73-73]	73	749
COV	[74-74]	74	746
COV	[75-75]	75	717
COV	[76-76]	76	622
COV	[77-77]	77	632
COV	[78-78]	78	567
COV	[79-79]	79	558
COV	[80-80]	80	554
COV	[81-81]	81	524
COV	[82-82]	82	478
COV	[83-83]	83	493
COV	[84-84]	84	479
COV	[85-85]	85	428
COV	[86-86]	86	454
COV	[87-87]	87	406
COV	[88-88]	88	425
COV	[89-89]	89	366
COV	[90-90]	90	361
COV	[91-91]	91	348
COV	[92-92]	92	327
COV	[93-93]	93	351
COV	[94-94]	94	317
COV	[95-95]	95	342
COV	[96-96]	96	302
COV	[97-97]	97	312
COV	[98-98]	98	251
COV	[99-99]	99	268
COV	[100-100]	100	246
COV	[101-101]	101	230
COV	[102-102]	102	263
COV	[103-103]	103	256
COV	[104-104]	104	269
COV	[105-105]	105	251
COV	[106-106]	106	241
COV	[107-107]	107	212
COV	[108-108]	108	199
COV	[109-109]	109	182
COV	[110-110]	110	179
COV	[111-111]	111	178
COV	[112-112]	112	223
COV	[113-113]	113	205
COV	[114-114]	114	197
COV	[115-115]	115	188
COV	[116-116]	116	195
COV	[117-117]	117	171
COV	[118-118]	118	158
COV	[119-119]	119	156
COV	[120-120]	120	183
COV	[121-121]	121	157
COV	[122-122]	122	128
COV	[123-123]	123	136
COV	[124-124]	124	126
COV	[125-125]	125	100
COV	[126-126]	126	127
COV	[127-127]	127	140
COV	[128-128]	128	124
COV	[129-129]	129	124
COV	[130-130]	130	125
COV	[131-131]	131	113
COV	[132-132]	132	111
COV	[133-133]	133	131
COV	[134-134]	134	155
COV	[135-135]	135	143
COV	[136-136]	136	114
COV	[137-137]	137	108
COV	[138-138]	138	122
COV	[139-139]	139	117
COV	[140-140]	140	118
COV	[141-141]	141	86
COV	[142-142]	142	94
COV	[143-143]	143	121
COV	[144-144]	144	124
COV	[145-145]	145	145
COV	[146-146]	146	105
COV	[147-147]	147	93
COV	[148-148]	148	95
COV	[149-149]	149	88
COV	[150-150]	150	100
COV	[151-151]	151	91
COV	[152-152]	152	92
COV	[153-153]	153	91
COV	[154-154]	154	97
COV	[155-155]	155	90
COV	[156-156]	156	93
COV	[157-157]	157	82
COV	[158-158]	158	99
COV	[159-159]	159	73
COV	[160-160]	160	92
COV	[161-161]	161	53
COV	[162-162]	162	100
COV	[163-163]	163	94
COV	[164-164]	164	82
COV	[165-165]	165	98
COV	[166-166]	166	109
COV	[167-167]	167	122
COV	[168-168]	168	63
COV	[169-169]	169	79
COV	[170-170]	170	95
COV	[171-171]	171	74
COV	[172-172]	172	72
COV	[173-173]	173	76
COV	[174-174]	174	73
COV	[175-175]	175	77
COV	[176-176]	176	101
COV	[177-177]	177	95
COV	[178-178]	178	93
COV	[179-179]	179	102
COV	[180-180]	180	103
COV	[181-181]	181	100
COV	[182-182]	182	106
COV	[183-183]	183	84
COV	[184-184]	184	120
COV	[185-185]	185	101
COV	[186-186]	186	84
COV	[187-187]	187	74
COV	[188-188]	188	81
COV	[189-189]	189	101
COV	[190-190]	190	66
COV	[191-191]	191	63
COV	[192-192]	192	71
COV	[193-193]	193	70
COV	[194-194]	194	92
COV	[195-195]	195	75
COV	[196-196]	196	74
COV	[197-197]	197	69
COV	[198-198]	198	78
COV	[199-199]	199	70
COV	[200-200]	200	57
COV	[201-201]	201	52
COV	[202-202]	202	52
COV	[203-203]	203	64
COV	[204-204]	204	52
COV	[205-205]	205	53
COV	[206-206]	206	65
COV	[207-207]	207	50
COV	[208-208]	208	43
COV	[209-209]	209	47
COV	[210-210]	210	70
COV	[211-211]	211	60
COV	[212-212]	212	68
COV	[213-213]	213	59
COV	[214-214]	214	60
COV	[215-215]	215	73
COV	[216-216]	216	60
COV	[217-217]	217	56
COV	[218-218]	218	55
COV	[219-219]	219	49
COV	[220-220]	220	54
COV	[221-221]	221	47
COV	[222-222]	222	47
COV	[223-223]	223	50
COV	[224-224]	224	52
COV	[225-225]	225	48
COV	[226-226]	226	42
COV	[227-227]	227	27
COV	[228-228]	228	35
COV	[229-229]	229	51
COV	[230-230]	230	43
COV	[231-231]	231	26
COV	[232-232]	232	59
COV	[233-233]	233	42
COV	[234-234]	234	63
COV	[235-235]	235	55
COV	[236-236]	236	54
COV	[237-237]	237	41
COV	[238-238]	238	41
COV	[239-239]	239	49
COV	[240-240]	240	38
COV	[241-241]	241	37
COV	[242-242]	242	41
COV	[243-243]	243	30
COV	[244-244]	244	22
COV	[245-245]	245	35
COV	[246-246]	246	40
COV	[247-247]	247	34
COV	[248-248]	248	25
COV	[249-249]	249	29
COV	[250-250]	250	23
COV	[251-251]	251	28
COV	[252-252]	252	17
COV	[253-253]	253	21
COV	[254-254]	254	29
COV	[255-255]	255	31
COV	[256-256]	256	36
COV	[257-257]	257	37
COV	[258-258]	258	31
COV	[259-259]	259	38
COV	[260-260]	260	26
COV	[261-261]	261	20
COV	[262-262]	262	21
COV	[263-263]	263	31
COV	[264-264]	264	19
COV	[265-265]	265	25
COV	[266-266]	266	22
COV	[267-267]	267	41
COV	[268-268]	268	32
COV	[269-269]	269	24
COV	[270-270]	270	22
COV	[271-271]	271	19
COV	[272-272]	272	28
COV	[273-273]	273	17
COV	[274-274]	274	12
COV	[275-275]	275	18
COV	[276-276]	276	18
COV	[277-277]	277	16
COV	[278-278]	278	11
COV	[279-279]	279	11
COV	[280-280]	280	11
COV	[281-281]	281	17
COV	[282-282]	282	20
COV	[283-283]	283	14
COV	[284-284]	284	16
COV	[285-285]	285	25
COV	[286-286]	286	16
COV	[287-287]	287	12
COV	[288-288]	288	17
COV	[289-289]	289	19
COV	[290-290]	290	12
COV	[291-291]	291	11
COV	[292-292]	292	17
COV	[293-293]	293	19
COV	[294-294]	294	13
COV	[295-295]	295	8
COV	[296-296]	296	10
COV	[297-297]	297	8
COV	[298-298]	298	11
COV	[299-299]	299	12
COV	[300-300]	300	4
COV	[301-301]	301	6
COV	[302-302]	302	5
COV	[303-303]	303	8
COV	[304-304]	304	6
COV	[305-305]	305	4
COV	[306-306]	306	15
COV	[307-307]	307	9
COV	[308-308]	308	12
COV	[309-309]	309	14
COV	[310-310]	310	14
COV	[311-311]	311	18
COV	[312-312]	312	11
COV	[313-313]	313	11
COV	[314-314]	314	15
COV	[315-315]	315	9
COV	[316-316]	316	5
COV	[317-317]	317	7
COV	[318-318]	318	11
COV	[319-319]	319	4
COV	[320-320]	320	9
COV	[321-321]	321	4
COV	[322-322]	322	5
COV	[323-323]	323	7
COV	[324-324]	324	11
COV	[325-325]	325	11
COV	[326-326]	326	5
COV	[327-327]	327	4
COV	[328-328]	328	10
COV	[329-329]	329	8
COV	[330-330]	330	6
COV	[331-331]	331	5
COV	[332-332]	332	4
COV	[333-333]	333	6
COV	[334-334]	334	3
COV	[335-335]	335	2
COV	[336-336]	336	6
COV	[337-337]	337	5
COV	[338-338]	338	2
COV	[339-339]	339	3
COV	[340-340]	340	3
COV	[341-341]	341	3
COV	[342-342]	342	3
COV	[343-343]	343	5
COV	[344-344]	344	6
COV	[345-345]	345	3
COV	[346-346]	346	3
COV	[347-347]	347	9
COV	[348-348]	348	7
COV	[349-349]	349	7
COV	[350-350]	350	3
COV	[351-351]	351	7
COV	[352-352]	352	4
COV	[353-353]	353	3
COV	[354-354]	354	2
COV	[355-355]	355	3
COV	[356-356]	356	1
COV	[359-359]	359	2
COV	[361-361]	361	2
COV	[363-363]	363	3
COV	[366-366]	366	1
COV	[367-367]	367	1
COV	[369-369]	369	1
COV	[371-371]	371	1
COV	[374-374]	374	1
COV	[375-375]	375	1
COV	[376-376]	376	6
COV	[381-381]	381	1
COV	[383-383]	383	1
COV	[386-386]	386	2
COV	[387-387]	387	1
COV	[389-389]	389	1
COV	[395-395]	395	1
COV	[399-399]	399	2
COV	[400-400]	400	1
COV	[402-402]	402	2
COV	[403-403]	403	3
COV	[405-405]	405	3
COV	[406-406]	406	2
COV	[412-412]	412	1
COV	[413-413]	413	1
COV	[419-419]	419	1
COV	[423-423]	423	1
COV	[428-428]	428	2
COV	[429-429]	429	2
COV	[436-436]	436	1
COV	[437-437]	437	1
COV	[446-446]	446	1
COV	[449-449]	449	2
COV	[450-450]	450	1
COV	[453-453]	453	1
COV	[456-456]	456	1
COV	[459-459]	459	1
COV	[460-460]	460	2
COV	[463-463]	463	1
COV	[464-464]	464	1
COV	[465-465]	465	1
COV	[470-470]	470	3
COV	[471-471]	471	1
COV	[472-472]	472	1
COV	[473-473]	473	2
COV	[476-476]	476	1
COV	[481-481]	481	2
COV	[482-482]	482	1
COV	[485-485]	485	1
COV	[488-488]	488	1
COV	[489-489]	489	1
COV	[494-494]	494	1
COV	[503-503]	503	2
COV	[509-509]	509	1
COV	[511-511]	511	1
COV	[521-521]	521	1
COV	[522-522]	522	3
COV	[533-533]	533	1
COV	[538-538]	538	1
COV	[551-551]	551	1
COV	[552-552]	552	2
COV	[555-555]	555	1
COV	[556-556]	556	1
COV	[557-557]	557	1
COV	[558-558]	558	1
COV	[559-559]	559	1
COV	[579-579]	579	1
COV	[584-584]	584	4
COV	[585-585]	585	3
COV	[589-589]	589	1
COV	[590-590]	590	1
COV	[593-593]	593	1
COV	[596-596]	596	1
COV	[597-597]	597	1
COV	[598-598]	598	1
COV	[599-599]	599	1
COV	[601-601]	601	2
COV	[602-602]	602	1
COV	[603-603]	603	2
COV	[604-604]	604	2
COV	[607-607]	607	1
COV	[610-610]	610	2
COV	[611-611]	611	2
COV	[613-613]	613	1
COV	[616-616]	616	1
COV	[617-617]	617	1
COV	[618-618]	618	1
COV	[619-619]	619	2
COV	[620-620]	620	1
COV	[621-621]	621	2
COV	[626-626]	626	2
COV	[627-627]	627	1
COV	[629-629]	629	2
COV	[632-632]	632	1
COV	[636-636]	636	1
COV	[639-639]	639	1
COV	[640-640]	640	1
COV	[641-641]	641	1
COV	[646-646]	646	1
COV	[656-656]	656	2
COV	[657-657]	657	2
COV	[658-658]	658	2
COV	[659-659]	659	1
COV	[660-660]	660	1
COV	[662-662]	662	3
COV	[663-663]	663	2
COV	[664-664]	664	2
COV	[666-666]	666	1
COV	[667-667]	667	4
COV	[668-668]	668	1
COV	[669-669]	669	1
COV	[670-670]	670	1
COV	[672-672]	672	2
COV	[673-673]	673	2
COV	[674-674]	674	1
COV	[677-677]	677	1
COV	[678-678]	678	1
COV	[679-679]	679	4
COV	[681-681]	681	1
COV	[682-682]	682	4
COV	[684-684]	684	1
COV	[685-685]	685	1
COV	[686-686]	686	2
COV	[687-687]	687	2
COV	[689-689]	689	3
COV	[690-690]	690	2
COV	[691-691]	691	4
COV	[692-692]	692	1
COV	[693-693]	693	2
COV	[695-695]	695	2
COV	[697-697]	697	2
COV	[698-698]	698	2
COV	[700-700]	700	2
COV	[702-702]	702	2
COV	[704-704]	704	2
COV	[705-705]	705	1
COV	[707-707]	707	2
COV	[708-708]	708	2
COV	[709-709]	709	4
COV	[711-711]	711	2
COV	[712-712]	712	3
COV	[715-715]	715	2
COV	[717-717]	717	1
COV	[721-721]	721	1
COV	[722-722]	722	2
COV	[723-723]	723	1
COV	[724-724]	724	1
COV	[725-725]	725	3
COV	[726-726]	726	3
COV	[727-727]	727	1
COV	[728-728]	728	2
COV	[730-730]	730	1
COV	[731-731]	731	2
COV	[732-732]	732	1
COV	[733-733]	733	1
COV	[736-736]	736	4
COV	[737-737]	737	5
COV	[738-738]	738	3
COV	[739-739]	739	5
COV	[740-740]	740	2
COV	[741-741]	741	3
COV	[742-742]	742	4
COV	[743-743]	743	1
COV	[744-744]	744	3
COV	[746-746]	746	1
COV	[748-748]	748	4
COV	[749-749]	749	2
COV	[750-750]	750	3
COV	[752-752]	752	4
COV	[754-754]	754	3
COV	[755-755]	755	1
COV	[756-756]	756	2
COV	[757-757]	757	3
COV	[758-758]	758	1
COV	[759-759]	759	3
COV	[760-760]	760	3
COV	[761-761]	761	3
COV	[762-762]	762	4
COV	[763-763]	763	4
COV	[764-764]	764	2
COV	[765-765]	765	2
COV	[766-766]	766	4
COV	[767-767]	767	3
COV	[768-768]	768	14
COV	[769-769]	769	3
COV	[770-770]	770	1
COV	[772-772]	772	1
COV	[773-773]	773	3
COV	[774-774]	774	4
COV	[776-776]	776	2
COV	[777-777]	777	1
COV	[778-778]	778	2
COV	[779-779]	779	2
COV	[780-780]	780	1
COV	[781-781]	781	1
COV	[782-782]	782	1
COV	[784-784]	784	1
COV	[785-785]	785	1
COV	[786-786]	786	1
COV	[787-787]	787	3
COV	[788-788]	788	1
COV	[789-789]	789	3
COV	[790-790]	790	4
COV	[791-791]	791	1
COV	[792-792]	792	2
COV	[793-793]	793	1
COV	[794-794]	794	1
COV	[796-796]	796	1
COV	[797-797]	797	2
COV	[798-798]	798	2
COV	[799-799]	799	1
COV	[800-800]	800	2
COV	[802-802]	802	2
COV	[803-803]	803	2
COV	[804-804]	804	1
COV	[805-805]	805	2
COV	[806-806]	806	1
COV	[807-807]	807	4
COV	[810-810]	810	2
COV	[812-812]	812	2
COV	[814-814]	814	1
COV	[815-815]	815	1
COV	[817-817]	817	1
COV	[818-818]	818	2
COV	[819-819]	819	1
COV	[823-823]	823	1
COV	[824-824]	824	2
COV	[825-825]	825	1
COV	[827-827]	827	2
COV	[828-828]	828	1
COV	[831-831]	831	1
COV	[832-832]	832	2
COV	[833-833]	833	1
COV	[835-835]	835	2
COV	[836-836]	836	1
COV	[837-837]	837	1
COV	[838-838]	838	1
COV	[839-839]	839	4
COV	[840-840]	840	1
COV	[841-841]	841	1
COV	[843-843]	843	3
COV	[844-844]	844	1
COV	[846-846]	846	1
COV	[847-847]	847	5
COV	[848-848]	848	2
COV	[849-849]	849	2
COV	[853-853]	853	1
COV	[854-854]	854	1
COV	[855-855]	855	2
COV	[857-857]	857	2
COV	[858-858]	858	2
COV	[859-859]	859	2
COV	[861-861]	861	2
COV	[863-863]	863	2
COV	[864-864]	864	1
COV	[865-865]	865	1
COV	[866-866]	866	1
COV	[867-867]	867	1
COV	[868-868]	868	3
COV	[869-869]	869	2
COV	[870-870]	870	2
COV	[873-873]	873	1
COV	[875-875]	875	2
COV	[879-879]	879	1
COV	[886-886]	886	2
COV	[888-888]	888	1
COV	[889-889]	889	6
COV	[890-890]	890	1
COV	[891-891]	891	3
COV	[893-893]	893	1
COV	[896-896]	896	2
COV	[897-897]	897	2
COV	[904-904]	904	1
COV	[905-905]	905	4
COV	[906-906]	906	2
COV	[907-907]	907	4
COV	[908-908]	908	4
COV	[909-909]	909	2
COV	[910-910]	910	2
COV	[911-911]	911	1
COV	[912-912]	912	4
COV	[913-913]	913	1
COV	[916-916]	916	1
COV	[917-917]	917	1
COV	[918-918]	918	2
COV	[919-919]	919	1
COV	[920-920]	920	1
COV	[921-921]	921	1
COV	[922-922]	922	3
COV	[923-923]	923	2
COV	[924-924]	924	1
COV	[925-925]	925	1
COV	[926-926]	926	1
COV	[928-928]	928	1
COV	[929-929]	929	2
COV	[932-932]	932	1
COV	[933-933]	933	1
COV	[934-934]	934	1
COV	[935-935]	935	1
COV	[936-936]	936	1
COV	[937-937]	937	1
COV	[941-941]	941	2
COV	[942-942]	942	2
COV	[945-945]	945	1
COV	[946-946]	946	2
COV	[947-947]	947	4
COV	[948-948]	948	1
COV	[950-950]	950	1
COV	[952-952]	952	2
COV	[953-953]	953	1
COV	[954-954]	954	2
COV	[955-955]	955	1
COV	[956-956]	956	1
COV	[957-957]	957	1
COV	[959-959]	959	2
COV	[960-960]	960	2
COV	[962-962]	962	2
COV	[963-963]	963	1
COV	[964-964]	964	2
COV	[965-965]	965	1
COV	[967-967]	967	1
COV	[968-968]	968	2
COV	[969-969]	969	2
COV	[970-970]	970	1
COV	[971-971]	971	2
COV	[972-972]	972	1
COV	[973-973]	973	1
COV	[974-974]	974	1
COV	[976-976]	976	2
COV	[977-977]	977	4
COV	[978-978]	978	2
COV	[979-979]	979	4
COV	[981-981]	981	1
COV	[982-982]	982	2
COV	[983-983]	983	1
COV	[984-984]	984	4
COV	[985-985]	985	1
COV	[986-986]	986	1
COV	[987-987]	987	2
COV	[988-988]	988	1
COV	[989-989]	989	1
COV	[991-991]	991	1
COV	[992-992]	992	1
COV	[994-994]	994	1
COV	[995-995]	995	3
COV	[996-996]	996	3
COV	[997-997]	997	1
COV	[998-998]	998	2
COV	[999-999]	999	2
COV	[1000-1000]	1000	1
COV	[1000<]	1000	17279
# GC-depth. Use `grep ^GCD | cut -f 2-` to extract this part. The columns are: GC%, unique sequence percentiles, 10th, 25th, 50th, 75th and 90th depth percentile
GCD	0.0	0.324	0.000	0.000	0.000	0.000	0.000
GCD	20.0	0.486	59.700	59.700	59.700	59.700	59.700
GCD	22.0	0.648	43.320	43.320	43.320	43.320	43.320
GCD	23.0	0.972	44.784	44.784	54.020	63.256	63.256
GCD	34.0	1.135	14.376	14.376	14.376	14.376	14.376
GCD	35.0	2.269	9.004	12.028	15.764	17.264	22.632
GCD	36.0	8.104	12.097	17.085	18.062	18.840	20.452
GCD	37.0	29.822	17.652	18.012	18.436	18.953	19.422
GCD	38.0	62.237	17.990	18.657	19.038	19.429	19.746
GCD	39.0	84.603	15.847	18.707	19.480	19.956	20.321
GCD	40.0	93.679	19.010	19.412	19.816	20.116	20.829
GCD	41.0	97.731	4.572	12.252	20.012	20.782	21.056
GCD	42.0	98.541	0.580	9.752	20.868	21.610	22.308
GCD	43.0	99.028	9.128	9.128	27.528	951.832	951.832
GCD	44.0	99.514	2.568	2.568	5.612	679.348	679.348
GCD	45.0	99.676	2.044	2.044	2.044	2.044	2.044
GCD	49.0	99.838	1.376	1.376	1.376	1.376	1.376
GCD	62.0	100.000	0.564	0.564	0.564	0.564	0.564
